1197
2853
2257
1401
1615
3430
1177
3177
3779
624
2281
571
4606
3403
3691
3383
2189
3982
3866
403
1299
743
1363
2156
1838
2785
1642
1501
71
3186
569
3389
1083
1973
2734
1305
3975
1190
1204
2918
3981
1091
3497
4183
3296
1662
1928
3651
1025
3952
1295
2704
1258
3359
511
3715
1610
2783
3108
3072
3408
4153
4084
1047
4520
3716
3401
4807
2045
1338
1211
1719
2995
3300
1306
4001
397
1672
1062
2948
3765
2365
2123
2655
1199
3881
525
3243
3178
3453
4571
1460
1681
3382
1027
3137
4007
570
3871
2825
1910
1403
3100
1961
2254
1506
1538
1503
1669
573
2505
3475
1904
1359
491
1089
3176
3088
1535
3232
1250
1822
1897
1231
1134
1280
1613
2902
2451
540
3299
2623
3727
2970
