3737
1147
2024
1197
4168
2853
2610
2046
2257
3065
1115
1401
1615
1177
3177
3779
4120
4550
3034
3831
3172
3438
4337
4195
3691
2574
3383
2189
3866
1363
2201
2476
2156
4119
1038
2785
1642
1501
1868
3365
3186
1049
1170
569
616
3389
3530
3909
4232
4246
3830
1973
2734
1305
2840
1630
3975
1190
3657
2526
1955
1204
1224
2918
3981
1097
2589
2499
2863
3497
4183
3514
3008
1331
2025
3296
1662
1928
2005
2685
3651
2964
3098
1241
2453
1025
2979
3090
186
1339
452
1976
1295
3519
2540
3818
4255
3504
3743
2704
2434
2827
1258
3359
2491
4243
1348
1610
2783
3370
2896
3955
1166
3072
3452
1201
4224
3408
4153
3967
3803
1444
4520
3401
1933
4807
2413
2045
2448
1338
3454
1211
3341
2995
1382
2381
2746
3300
2710
2207
2408
3740
4001
397
1672
3487
2546
2948
4113
2365
2375
2804
3875
2655
3040
1199
3881
3173
525
3781
3243
3178
3453
2880
2652
4571
1681
1659
3382
3462
1027
416
3137
4007
3071
570
3871
3878
3480
2825
2400
2399
2721
1910
3100
3645
3237
1538
2403
3565
1503
2842
1669
573
2505
3475
3558
993
1359
1089
3176
3088
2414
3308
3902
3523
479
1152
4170
1535
2160
2576
3232
1981
1250
1626
1897
1107
1231
2419
3971
1134
1280
1613
3980
2451
3903
540
3304
3299
3771
2623
3727
2450
2970
