3737
1147
2024
2610
2046
3065
1115
3034
3831
3172
3438
4195
2574
2201
2476
4119
1038
1868
3365
1049
1170
616
3530
3909
4232
4246
3830
2840
1630
3657
2526
1224
1097
2589
2499
2863
3514
3008
1331
2025
2005
1500
2685
2964
3098
1241
2453
1550
531
2958
3503
2979
3090
186
1339
452
3519
2540
3818
4255
3504
3743
2434
2827
2491
2689
1348
3370
2896
3955
3121
1166
3452
1201
4224
3967
3803
1444
1933
2413
2448
3341
1382
2381
2746
2710
2207
2408
3740
3487
2546
3257
2375
2804
3875
3040
3173
3781
2880
2652
789
1659
3462
416
3071
3878
2135
2400
2399
2721
3645
3237
2403
3565
2842
3558
993
3588
2414
3308
3902
3523
1180
479
1152
4170
2160
2576
1981
1626
1107
2419
3971
3980
3903
3304
3771
3632
2450
2407
