24359
5507
13468
38360
31701
19479
7127
6240
841
26041
22019
7643
19290
42305
45836
23804
12901
2999
17165
14579
40739
16930
10760
21249
47145
7696
37014
37176
46717
17138
10241
25153
8865
19596
18472
22978
44513
15117
13527
40478
52588
13197
47465
4798
47217
14022
3324
22127
49140
53504
47643
5513
18224
30492
19313
34404
32963
47412
8351
48225
7270
48957
33204
28783
32955
12146
19896
50197
11360
51813
39163
10936
18511
38965
27238
45017
48643
1866
35205
35268
19298
14451
34289
18154
26919
28927
53751
52876
50814
14903
45231
52810
2997
21608
32988
48704
15750
28266
31951
52510
47203
37166
48916
4537
29656
3634
30702
41063
40551
23785
10318
8810
8142
26361
28911
34159
43830
53011
25567
21090
28678
3909
19056
33218
42870
48439
3145
34589
42455
16996
15567
26780
15994
42789
21336
26858
30277
12689
37268
14164
42134
1330
48509
35450
31184
25123
27128
13406
48867
117
52579
4624
11811
48792
33342
37907
21225
28480
50777
13787
19308
23857
19748
35852
18422
41458
40783
25779
22241
32499
49947
47382
1076
21012
28595
24636
33177
9660
42085
1701
40771
25923
37828
51673
30618
18937
38772
6263
16407
46766
28299
26830
25617
41421
30002
24270
3390
33686
40342
43028
34815
89
26767
14113
3044
32136
5158
12193
21631
15166
50476
20669
8805
12320
42641
27282
42210
27868
16871
39096
26722
26526
53181
25508
27055
50808
28963
42087
50577
41221
51708
51260
9200
32190
13136
15445
9529
47262
28322
42955
22257
39983
43053
14194
21331
40096
40634
42954
35844
28977
42509
10265
52229
26823
40648
13501
35821
15393
38129
24065
16663
17201
34785
33242
49579
22787
35430
22913
14286
21185
1449
13317
53471
35
564
42548
23373
47866
52368
44746
44023
46873
44726
1697
52225
40711
29531
18763
45934
6682
1012
9805
36674
53157
20095
11759
5912
15776
39765
17361
24010
4007
27412
22953
8123
29151
45493
19866
5319
8444
21491
44276
35132
7410
8755
50468
50022
8260
42650
53060
25585
3326
38465
23125
41390
41483
16063
29129
23444
45612
9708
15353
43483
9259
49008
31245
2099
36823
34908
44386
15762
52109
23253
4267
20745
50252
2477
23345
38508
51395
40619
4228
5738
36142
36829
53261
27675
19187
38197
15671
5811
39643
4101
1794
19078
10226
44616
298
8538
49775
12814
42756
2464
50991
31749
22413
112
43235
40753
50178
52709
51773
45086
41777
23408
8997
21694
47568
7108
6635
23818
48545
14967
26260
6577
10245
18971
22133
10255
23786
39655
12204
18033
18280
14269
41563
41362
15211
52469
12123
36920
45063
15585
28901
11658
27148
50376
26448
43893
25984
4249
47240
376
53318
38211
5371
7061
35631
28503
37388
41275
12803
7628
43773
35840
3422
45548
8630
222
31387
1024
47548
36126
4925
20411
30708
17910
43918
50459
6439
27753
33597
1435
5922
27303
27127
19035
52375
37706
1600
11822
37897
30905
26363
20948
32641
38453
20373
2258
36608
14458
1234
2901
16886
45420
2425
33557
40530
14772
22875
40149
35172
38642
45219
7357
950
18815
36699
47493
3830
48482
29596
14389
46076
43820
43518
36921
5807
46120
29618
29451
11942
21092
47081
20204
33016
44298
30057
26541
50845
29595
20244
2218
36962
17153
8180
42038
5997
21889
26474
41290
1433
8888
326
40496
3449
6310
10629
1844
9932
10239
2822
36721
12016
48934
51903
35369
200
15415
22792
41519
9504
5531
37881
13885
53376
33953
12659
31763
15081
7417
20154
31240
31178
2929
22809
37502
16342
30690
46270
25238
12786
22943
52404
2559
7442
1354
41008
8183
5529
6343
40243
43146
25995
19049
46232
28061
18376
26113
16759
10942
18310
33042
23519
4123
7456
16542
24755
16242
26976
11065
24312
45569
30748
28427
10886
32192
5685
48690
22834
46729
14892
14768
41375
32013
9765
44112
39843
3302
41640
8486
34153
40479
5283
24108
9510
19647
20899
42124
9519
43431
38341
46601
45094
31538
5846
30029
10377
10564
18690
24821
23971
13657
7932
2161
381
11141
29536
38027
21537
24882
2273
27299
52177
38667
11153
32777
31298
33078
28828
50036
28131
48811
51733
29753
48547
2629
35895
5
3871
17115
46961
51384
35319
33119
13094
35731
49476
30022
28866
42991
51774
16977
51764
5723
27020
11999
13433
25693
21560
50581
58
23454
51479
22846
1706
44487
19617
9027
40825
23343
39080
17945
28425
43379
5986
140
37542
52365
46552
24618
11238
2327
38041
34671
2278
32339
48047
53238
25899
25520
44403
21568
22859
50923
9625
14381
2940
29452
17877
21506
7055
4650
46374
39248
3574
13401
1767
45375
34773
23389
6116
19628
51933
40095
5104
44820
36917
28685
33331
52438
12784
45173
29887
5775
49855
31166
41441
10462
41548
40384
40923
47932
37745
13648
47315
14910
36166
1269
49521
3349
5681
22620
13830
39188
30132
15561
19972
1810
29824
24589
16807
17726
38433
35993
49015
395
9937
36766
27073
14336
45300
24490
9045
20574
5780
20850
49
53036
46283
27097
4013
465
28543
1686
26759
9284
53112
1282
1429
30697
44090
48644
27938
38276
41776
35087
52186
44600
9809
40873
16263
18467
52913
21784
21109
21181
226
8901
32992
2978
43759
7664
36982
24772
24913
40212
33011
24679
47614
11969
48329
1713
38089
8364
16254
18373
39021
22362
