53656
19334
7841
51863
45285
26537
25531
20573
14071
43244
16084
43701
28074
11365
34206
12290
11289
46667
17720
26601
103
25625
24820
12812
51663
51508
17198
52752
22164
24109
41582
36948
1784
21286
47611
39708
3143
11397
20495
33777
52079
7524
16829
1579
44010
40593
11731
19987
5578
8765
51615
46217
30080
18199
40098
16118
8098
31378
17667
14824
50467
11237
18029
44350
46517
48534
22302
49449
7704
49229
25181
34169
25575
26998
44444
9041
41474
31179
5033
37821
45495
35514
31104
52653
185
19025
19990
25871
24408
1182
12545
3994
22543
9125
2832
24057
30613
45134
32776
40321
41363
30255
20263
10298
7338
36755
11753
33444
30087
25324
52489
18605
6836
31428
4703
6222
27846
447
769
35293
2506
35983
2457
22181
16014
44919
15282
50241
5737
30326
47538
38118
12303
20561
14172
25985
9695
40702
29751
740
3189
23787
2356
26068
8384
41597
21871
5935
47544
52545
6681
20946
37535
37292
338
26004
47935
25891
19164
35477
44579
48865
24163
35943
2720
21080
39743
1118
17089
26109
47184
50020
33054
17753
51945
19791
40066
53100
36872
13739
26104
50706
8160
12723
24885
34507
33407
50920
35327
17324
2827
31285
24981
27112
53333
38294
52697
50588
8049
35416
51739
39887
52777
52902
45419
19568
12448
36337
9878
46661
14989
17213
47103
18342
49333
15815
30481
1384
10675
31256
41838
39724
30429
4105
39367
33519
12817
22981
40751
5206
7631
26726
16139
15644
52119
37577
49133
29869
45717
39866
7059
34805
19936
31488
23443
15824
18807
5099
41817
16222
17768
19043
29312
19780
9059
31877
45226
13150
49906
38177
44566
7181
15934
43078
16515
17654
7750
34063
28652
42031
44084
13172
38901
24847
26816
51362
11492
8
45990
34389
4401
3766
17266
14111
19163
5977
1521
13268
1049
9468
18141
4480
19559
6180
38837
5383
45652
3826
52401
9617
48180
2689
16419
35403
47531
38105
50678
50208
26901
52958
51502
19392
44247
36001
19478
22484
18210
20161
39375
47434
27626
48942
4119
5217
15450
33569
11277
38990
7801
40748
46135
10418
23782
19509
30526
15432
49359
42340
49516
44445
45884
12309
27717
7909
53640
10484
19265
45664
8103
151
46301
22891
34122
32451
15698
26245
14706
49486
43878
35848
976
41346
791
1879
18134
16845
24989
1647
40547
15937
28461
15804
15684
28818
48694
39056
11138
20173
20744
25235
51710
26210
31510
31743
1114
14467
35564
3075
23984
27243
1785
20945
40402
15883
26551
10244
10171
7336
22537
42815
31219
10445
48964
48844
1257
15549
25951
23974
7331
50344
29584
12300
52181
17560
6573
44922
29207
633
42835
13781
51781
43133
25805
50854
9694
41416
2240
23512
38932
2272
14270
33882
46809
5449
30727
16317
20957
3416
22511
5517
36813
36720
47015
18569
17671
16502
17486
31765
17980
39701
42426
12902
11925
50206
10852
11894
12559
10915
36581
6016
15212
20478
10568
43293
52696
28410
50347
51756
51046
35728
14931
583
43938
3840
21933
13713
52662
33657
33627
22436
50538
37428
41832
10822
37652
13854
22645
331
1572
27723
19434
3052
11016
4513
39816
23760
37185
17559
34405
15133
836
2967
28182
40571
16531
34484
3556
8308
16576
25298
16015
53374
1031
15841
15485
45047
2070
4518
39952
13402
6961
43757
20670
18723
9161
31571
16549
1860
50321
870
41985
37668
9380
46328
24275
16012
53233
29229
44451
9837
7272
13580
31361
33250
366
15867
15171
46780
33998
20489
1732
41844
6050
51862
14519
27376
28766
18132
26757
5025
5015
34518
27919
47516
42639
49248
16237
46640
30226
22305
12018
16896
31480
27602
20323
42131
4659
8448
25276
47190
6916
26684
3636
41075
50359
44656
30045
48786
39501
16300
52884
19266
41542
17913
18995
45570
49729
20990
25793
15741
25171
14450
14407
53087
47169
1680
49692
31957
9642
31056
40662
18014
20953
4821
5667
30551
43213
4270
47741
28246
45796
28713
20593
8611
32458
52541
46978
18788
11644
19752
21365
52589
39316
21051
29415
17983
19170
26244
35656
3475
36334
41570
24803
34066
40543
1054
34794
1308
38160
52693
9701
19061
44899
9372
28629
42832
23178
8410
23564
28744
50096
422
28200
42916
9091
28288
47496
38403
10167
39382
40155
15774
34765
25807
21416
23371
3440
37915
43804
17141
29815
13970
47480
28657
20088
1739
51200
41941
21720
46334
20340
37036
37362
48132
9738
12407
1172
53647
1186
52880
43614
31141
36524
19514
13960
31916
52983
1967
23602
49518
39606
1682
2778
22120
32407
42454
33232
51168
2828
39360
42494
17084
20275
3798
34345
26958
38690
44122
29609
21318
31165
17484
10173
24266
35670
19921
27399
37796
24045
19849
3275
26513
48448
26660
17476
29336
43261
52102
36559
12454
30989
10289
5502
30619
36259
44415
50587
33886
41554
31193
31130
17022
18813
12611
14517
53536
43154
538
10893
15262
34875
14614
29881
20455
48360
40356
51859
31201
20440
33362
33665
20071
41331
22870
11997
39414
37651
40040
52731
32
46605
46037
35740
50465
8290
19976
52952
17830
17626
34981
13120
2095
7286
14015
12770
36478
30404
8487
2401
15283
43014
45234
45497
25439
28066
20202
32505
15884
35375
33972
31773
19704
7917
11123
42231
10869
26115
51465
26226
38527
45394
41954
16882
12369
37857
27378
45164
30721
14635
1823
42411
35811
5509
24125
29171
8700
4751
35647
41303
10357
9487
22869
7074
41366
35812
42964
39286
37030
29543
3975
40119
11672
14064
10012
22441
10053
28616
38443
27997
47590
44945
33863
4220
43722
5943
19275
50042
34222
23350
8403
11511
22656
