51051
17678
9602
5011
46648
5947
9628
27255
16457
44371
3448
1246
22786
38457
48526
51766
51584
27993
53400
18228
51186
32622
10185
10764
24576
19347
18820
39619
29045
7975
1736
50122
18934
16497
50674
25946
42253
14556
5500
25403
39001
38016
4709
28081
30375
25
683
4968
21660
42780
27954
18560
30283
8645
13855
14924
35902
29136
25898
23251
24103
43875
13328
35154
42997
45342
12717
48397
32194
33485
40267
36726
25911
38057
745
50416
21300
10196
38071
45974
12002
43554
29514
35410
1911
19391
20365
30006
52054
9856
37135
33202
23200
42177
25231
6428
48696
39443
4951
22613
27363
36452
24760
31208
10729
38031
24499
34749
44082
28331
26786
36754
19872
31121
20885
48268
41125
9373
43936
47657
49039
47388
2907
8709
15230
19058
40770
41456
39094
19360
4542
3303
19540
45685
21259
44802
53621
49566
19528
29934
50729
14230
38646
20930
34984
11201
27013
38061
20952
30679
26782
14174
35349
26385
41744
1139
51844
1370
38811
1590
2581
46593
9634
32120
52084
9502
34594
52713
53399
50253
47885
17410
8479
7189
2034
28948
24961
30596
24215
2890
20956
8946
8392
28253
5406
35828
50586
35681
3174
9505
21980
38363
11060
46431
36924
30251
41335
46364
35737
20018
36049
1761
10019
41014
29629
39058
19548
36714
10006
46303
1221
6262
1756
16386
12134
38258
48356
15077
41587
42327
39496
29298
44537
29593
27959
53617
41714
44511
4923
3151
26980
17855
10319
9040
5105
22244
5773
32770
53308
19812
46039
18882
38261
38092
49007
16600
46427
41658
46907
30757
19999
5029
39317
11439
35224
22327
5435
46742
14694
31183
8427
43121
22893
31633
36599
10016
50912
40658
2349
10814
4272
5342
39112
42932
16890
51689
25498
24801
43286
20961
26540
23532
48457
15717
24318
52758
45152
8671
35384
39218
16765
47386
29197
47754
42861
13130
43886
21281
16931
22717
21688
12403
40217
21763
29174
28864
35893
39278
5838
40878
4409
13951
1181
48944
20833
26088
39811
16610
40860
9890
44647
37015
11427
2764
30221
12700
49297
40832
1075
32403
14837
30776
34496
37237
21684
46739
39376
9887
18000
24407
26338
20633
29092
1008
16423
16262
46155
14890
38381
599
5634
2132
14689
23244
49286
3487
10096
24032
44169
17181
45241
34686
1283
3742
48173
5546
46466
4873
13456
36695
47566
52027
12145
39760
25483
53369
22808
10703
38421
8289
39107
11809
13073
25177
13438
43976
6888
37084
13001
30311
32621
18198
44612
35344
27895
39532
45838
6533
8205
22493
25274
44140
53447
13941
22005
51702
12525
34667
2741
12909
14755
39170
6675
7081
22570
8759
33761
50083
15578
33352
46807
40305
41155
1915
21068
26405
38538
44951
11844
14604
22671
45922
30339
43628
3801
35545
34753
17565
13476
37717
30103
6464
26413
29211
32232
15103
28395
40102
44604
33294
52126
5436
17407
13761
21829
48848
24104
21959
18795
656
10914
29442
27261
39537
32032
6217
44907
10604
1849
25078
39644
25539
12499
38539
50843
30309
4411
16444
1491
38583
45044
46469
40431
28825
23105
44194
30357
51560
31132
10596
52532
28094
48460
41503
35706
30860
21060
8547
49456
9705
22752
46659
36262
35040
41296
32001
47066
30680
20238
11165
31686
8669
40469
22959
755
27621
856
50542
9830
37834
12389
7599
10194
38081
33699
52471
7623
34676
3633
5696
5581
44982
11574
27708
9276
3002
35436
23940
46460
47731
43149
20904
40582
12798
16861
20569
1278
34024
42467
41704
12352
37195
14633
49215
13237
7636
10046
652
9117
38541
668
2510
46800
24855
37811
50840
44745
35194
11423
19807
30996
13485
39791
17723
14492
51121
53259
37813
52251
26807
15542
9139
44852
122
33284
30451
35899
31523
22175
32281
39282
12065
12238
32125
12351
6745
7538
50342
30410
30653
24940
38688
22142
11742
53533
44822
51273
17873
33288
28205
32711
35770
46248
49065
7445
2332
20141
34913
21118
53215
10243
52678
18559
39466
23590
35904
11433
2628
44925
27759
7783
27213
10178
31634
41064
12995
35442
22297
37816
28140
51834
11112
38795
38269
2767
50554
2601
27198
15540
2443
20822
22658
43848
1855
2409
49067
49174
6509
24029
43770
30869
45237
24383
19023
5785
39538
11885
39937
37115
22008
1454
42556
31688
25134
36055
26248
47616
33673
47199
42911
20488
9298
10022
1334
12092
3841
12916
29048
7856
44765
34360
47874
2143
47912
42300
6699
2864
18192
40326
8511
41561
15615
16195
28756
4944
50521
18050
8712
45811
29287
25313
23397
40352
29967
37407
39710
38858
14562
24931
41351
23142
18048
14648
18935
49650
13878
21655
50158
6342
12243
45499
23803
29542
52046
28950
1238
34337
44807
4177
51217
44115
45332
19525
35125
36313
7683
26406
9251
9720
4410
15074
24643
878
19918
11182
50384
28034
40084
32061
51284
42811
2621
14181
22936
27488
24670
13166
29717
22817
15897
43102
19960
37933
38230
41130
35955
10440
23606
24031
22798
36380
35763
22853
13125
31234
10678
45596
4096
6908
42343
30908
53129
50827
32135
40940
24888
3809
9754
46521
15234
36904
45193
42360
47177
5205
50216
10496
22390
20379
51532
7964
18195
46737
40757
27364
38149
6659
17111
11005
1353
27577
5879
19637
38952
49372
12081
12876
31947
12711
25290
18346
40980
9775
44979
44076
15592
18849
6902
11596
41712
34298
29111
21770
15076
6399
32179
30422
1209
30050
2049
31907
47175
31258
22700
35539
21038
5823
44315
25325
46830
15337
35294
37000
13610
43539
53413
20511
27418
51944
23533
43760
33988
9685
29024
27272
48085
23018
30359
34626
34196
18454
36995
36553
38133
26505
14305
25690
16214
29897
1549
34531
34801
49232
28486
23241
50021
11745
42067
43627
53073
34970
45417
9961
24554
49749
39124
28638
3505
15917
29323
20970
22476
27887
51574
10087
7621
29326
2488
8231
8004
1519
35251
45655
20195
28719
862
41524
34982
50967
37345
31280
39227
45289
38047
4091
49540
16194
11513
20969
6568
39981
46730
7810
46107
27331
49397
25802
31401
30291
2115
42332
30597
24120
18945
18271
37529
20560
10049
23601
12077
20601
19030
39550
4856
53493
27568
31206
40245
7359
49313
10126
1862
23387
46452
32082
38543
4365
14442
34029
13905
46804
5218
30184
42097
22866
27028
52915
38805
1343
37936
18983
20236
7546
16562
53450
43718
24341
30915
40958
13776
43598
10831
27989
18281
47168
34528
32620
33741
23025
8189
50666
37659
49472
24437
47931
47939
49334
3088
49898
1566
33381
18350
49903
50740
13672
18711
42498
26866
48318
19199
7426
49550
11265
18180
17241
48530
9311
1216
53065
34565
27545
18850
1313
186
51238
30465
32868
40773
16935
50109
47176
22590
614
145
45213
26503
51151
41423
35841
52062
18713
53044
23591
30044
14309
29723
14085
44681
1033
12056
41856
45400
24750
25256
47851
2561
8458
1801
28436
16271
45376
24571
27816
13722
48570
38135
44184
13423
20525
52283
21678
30274
31171
8535
24299
10989
32240
43238
23878
34276
25331
3700
42148
15875
9099
26797
12211
28998
31787
9265
38401
13997
18
20449
28703
3032
17606
43339
1587
27539
17132
44038
880
8385
16000
42435
37975
35915
7500
51953
7709
8674
34412
11931
40558
42810
24051
33243
53
29650
28088
423
28714
33620
29827
9112
52635
6393
41881
24747
4002
30676
6890
2672
33535
18034
44863
