505
14787
12071
6390
21299
22176
36184
1376
5047
24796
33263
30004
4454
25528
44330
37186
52473
19609
11500
50904
50591
42140
36600
34351
6294
34234
51308
15466
14654
52773
28293
8842
40128
3435
52825
42144
43290
25603
48604
26291
10501
50172
30712
43842
1606
16481
41084
32769
16479
47799
16210
45267
48905
7699
3179
33300
51740
22692
24574
24343
50500
9349
12632
15033
47086
24907
1474
27204
52555
46238
13598
45227
22386
26884
5908
17541
34033
29694
22064
9454
5138
43634
53362
26812
9568
47476
37887
3684
22368
15680
32853
14692
15651
551
47229
27991
41426
18352
12168
20450
6396
32680
17905
48930
13819
5310
52220
12726
28575
2292
2053
40041
3121
36273
7797
47818
20375
43033
21834
32204
36526
52600
11251
40776
47520
8369
16036
11715
28794
30034
28919
11212
18805
49561
28356
34428
27501
21733
40080
43403
31766
45136
33642
37128
43753
53298
10894
15702
471
23678
28418
48056
35809
6272
50617
30127
1255
37951
53484
48158
1552
28127
46866
13922
50668
6834
24568
17112
13274
20618
6762
24482
250
33130
45320
211
32058
11166
15310
33404
26668
44921
16279
883
7049
47037
38845
36521
41448
34367
11400
32930
27048
52856
50185
1936
33266
40235
28953
7423
9876
18598
29369
29314
41095
18243
3120
38979
9662
24897
11250
1411
42783
26005
433
7637
5992
2072
46893
44352
1444
39127
30588
1832
31917
51428
15830
21730
45212
49522
44864
7421
2797
8335
1544
51349
6926
31518
16746
44259
32566
13318
37764
20124
35837
10106
25788
4247
23775
5854
51791
3601
51360
31943
28568
45537
50692
36282
12375
34529
13162
10843
11340
23936
19877
37393
29873
31431
12892
31199
48730
29333
39390
12854
24146
33435
22166
31796
48556
6385
2382
50201
36146
42539
38207
38405
10966
44741
42203
29630
11181
44917
20900
11038
21616
8915
11462
34135
43912
23600
5291
34624
47259
11983
40495
27926
50636
16607
43669
11589
4876
48249
1687
22690
50964
18929
51627
8958
7249
32044
14089
22873
43961
46872
18276
15953
22496
22121
49545
18263
12637
50388
4475
15995
35826
11797
8596
35916
6087
43272
15753
13219
5941
32173
21619
48571
51993
19066
33464
41729
35065
548
37002
31971
16414
37389
20937
53132
1664
3070
29307
48906
26274
28210
3223
32939
19803
35966
4589
18242
32864
30834
6895
31016
27667
27197
17146
28142
4019
22467
40998
14236
16714
36841
32457
41284
975
23572
50484
446
27105
32459
25566
10950
33038
37258
31235
51947
46793
34281
184
49300
21860
25862
46275
24511
38947
38368
50527
2801
52921
855
29648
33985
20817
23660
47397
33179
50791
7274
53335
21549
50270
49016
38327
6280
26979
21801
28139
32128
25387
33166
5592
49106
14879
27755
53618
52967
49030
44375
26182
36065
35575
42246
42169
45587
44606
1786
6806
46852
19645
22739
37156
47837
8754
2385
44554
32784
3116
22191
7154
25930
6461
19250
34988
6279
45872
332
18907
12640
23072
22952
45650
18994
38130
40772
14736
15339
9924
39034
27907
45800
39746
50743
40912
29347
17381
16969
37420
50160
16869
21152
23985
22112
15709
29794
41271
43885
33909
41566
11691
25921
5787
7368
47061
40221
32079
7585
20486
26651
11356
28190
13946
20852
28173
50059
16131
5796
3295
29012
12466
49762
22270
35750
37093
40900
37814
26252
23280
31093
42072
48010
26051
7012
28049
18399
53717
35527
52724
