8500
19047
32586
20840
46317
35922
23917
30693
53599
40249
31583
23311
15114
29574
25970
1322
30312
12588
5456
52197
13557
2225
41435
2570
45435
8751
33050
10227
30992
24788
47020
38729
50523
12153
50953
53300
36143
17440
615
35385
30456
10970
25376
7292
52032
32800
9030
39301
16163
8097
316
21724
9888
47536
5062
50436
44776
13160
37475
40308
38942
36089
19630
25786
18645
31484
18097
32146
1112
23220
52829
9444
5557
13224
38295
3082
43582
27943
22273
17622
52949
43421
38983
17073
15733
51182
5844
41800
38138
13297
33215
26206
38675
24473
16274
28053
2640
341
6260
36805
29350
1978
4181
7193
21178
8076
34863
13801
8887
37755
41149
85
52120
42638
46188
47556
41485
44447
2700
19573
2525
29984
43305
26950
15617
33654
22084
35180
41159
2388
13741
19784
17320
26966
1750
21844
40959
31887
47582
51713
45460
43460
4840
51267
13403
22400
50105
51420
3006
26934
48715
46236
45701
8411
31368
43547
4296
24596
8437
32007
49503
13782
23206
38209
20078
36827
7571
19836
8729
36242
4237
5761
41652
26577
45270
28263
52274
42412
2861
53368
25327
24410
15900
6166
33572
21425
21100
44313
21719
40195
3290
38382
30974
28430
42801
31714
40181
38190
13310
52096
38748
44803
9903
24745
36670
13880
53260
27740
997
12605
5831
21297
21862
39992
38285
32950
35239
8854
545
390
932
51925
24612
26864
51027
50891
15408
27558
33453
14566
5916
44662
33552
41267
50863
22459
38808
32521
4241
44292
13988
29411
6024
46884
42355
2274
25215
31101
48719
6938
35928
25065
49539
476
36186
50514
29986
22677
4844
10840
20378
32933
6271
35715
2282
27596
40717
37485
50821
18814
5313
14155
41098
22862
36472
12935
13072
25496
14626
42856
28571
27703
3373
34774
49983
29561
50316
52260
31563
227
46044
34053
111
18680
7371
21292
40645
27503
23717
36811
35756
40218
2294
37543
9788
2312
19179
18571
3984
29454
10437
46969
43445
48907
52610
40313
52552
7927
30200
2435
51923
32230
9828
3023
43427
45622
2969
31655
9076
12078
46127
51309
47561
19943
48996
32794
25155
53184
17746
48029
41293
29044
35749
50986
9822
31880
19674
24908
23063
32039
10692
42862
47778
48404
981
7392
29290
15951
44037
36311
50258
27550
7311
14661
5143
47773
14479
42758
43735
7986
41402
36195
7707
45095
50796
2144
37682
949
39339
36659
21690
10111
11036
3667
51513
4819
39740
38677
46827
24891
35030
35685
31324
48676
22453
32534
47141
189
28625
16355
5614
15421
7245
16955
43530
30472
19865
21427
30515
17849
48372
3090
37224
20768
48566
42627
32667
13531
4600
4256
14067
14525
25506
47928
13493
23008
48291
9050
35649
47963
9649
47383
16872
40440
3548
49613
34088
28237
6173
16425
43047
25453
3426
25924
22667
3398
42671
52988
53594
34190
25485
23163
19260
29412
27922
46811
7052
6500
1659
34866
29257
40223
45321
25880
19299
28235
16706
2245
1193
6894
2799
8629
51102
1725
5468
18844
13956
35471
47612
8718
5736
32215
32569
37727
3187
52209
2035
51125
42417
33759
22744
39312
907
23681
51110
37892
39396
26666
50841
3672
6686
6936
24334
38122
10145
53519
36209
15799
3228
30615
41958
32174
13126
32515
3193
48110
14320
53110
12482
23904
48385
26203
15906
44410
37656
13102
49061
14874
19881
35458
35995
6676
25771
23823
29716
35119
45004
46344
40876
7553
15273
34597
39677
42571
42359
53088
25888
36853
34212
51768
26058
49768
18225
10595
7858
5073
38157
20286
40072
3911
47246
727
13249
36980
18790
46003
30474
32355
40596
47707
42179
13095
13573
40093
42510
28105
24451
18114
30192
51897
22982
5335
50144
1323
37198
43610
8113
28586
5640
6956
32709
16984
9587
30895
14354
25172
44414
25689
34288
45984
23365
11892
4059
4588
3944
25861
33733
24284
17814
1623
35549
9142
8891
36474
13199
14353
33558
25469
9404
21298
44327
44275
30440
34986
10419
44227
13508
23276
31320
49517
40268
31539
10086
31063
29498
6227
26230
44602
9153
50236
52917
24152
43330
39105
23656
33354
52460
40839
31814
7002
9589
43130
31954
844
45524
46193
33982
7751
4555
11304
20184
42940
19446
44396
21147
15360
48664
23011
24432
40377
39178
29775
2340
9314
49751
19575
50166
42584
42660
49904
21087
7200
8270
291
36622
23947
16
25386
16226
43224
11136
14677
2056
26918
30929
9033
7716
14958
4082
29419
47698
33460
51880
37067
24507
25480
20877
30355
35640
18781
16373
139
37216
51381
49769
21188
49415
13400
19105
18751
1450
41564
17834
44853
16629
41365
35464
39986
11390
46757
5450
9569
37085
12233
1165
4832
4875
3888
46813
17938
46768
2695
6266
53168
783
20353
24185
18505
5271
30645
24463
52031
41837
51335
20314
11975
3775
24037
6322
23625
4739
18654
32549
36595
49191
12553
39061
36152
16313
29766
41036
5830
43336
53240
15173
653
4770
10299
25288
39662
4278
14202
45737
2774
23747
634
10600
13069
4734
18119
28672
645
20041
32913
8434
37232
25072
3289
45335
37922
43091
16572
36424
6772
46267
28262
6897
36227
35610
2685
10043
46190
15459
39184
12247
3298
25813
9860
29495
19957
44277
5246
18516
49246
40906
47425
17928
26886
16255
12427
18931
22132
4535
15938
47093
26785
40850
32083
22533
8101
12422
52429
2334
28092
42670
52526
38919
48961
42125
14376
44243
21426
42680
38083
10676
1510
26483
4900
34960
28219
14828
49421
11178
47903
36781
3993
19507
48408
17750
27027
19484
7428
23123
28273
34057
39411
13881
23655
33173
13127
32260
53225
18852
17925
1541
7482
49541
34055
15315
51195
9818
10420
29216
40831
30476
392
28368
36598
24285
50513
9320
609
22735
28348
24333
78
51059
5587
2152
14223
638
36179
31299
53224
24639
5597
48364
34677
5103
42042
3897
41806
38974
40137
38749
36966
25086
19996
9242
26528
29783
9615
5378
51997
29232
10097
26512
2647
13396
42894
29204
11576
27137
8764
25535
51631
24295
12967
435
43729
39895
40661
6759
51569
26727
9825
28360
1573
12515
33521
32648
22683
21382
6944
32686
39828
49936
45028
32290
16594
43197
9477
45176
53686
3990
39313
24316
24974
37012
49892
34268
30214
17205
5948
35596
49465
49383
1805
1093
23195
45081
53511
10170
7111
50001
11779
41957
37149
23122
37856
23962
27772
10980
7584
49490
17265
15847
43690
5862
32107
50572
13471
2962
887
30093
48255
45204
9321
18845
3208
4715
49488
32987
27625
24683
32779
10232
32524
23839
39863
24884
8699
7436
26181
967
42009
53058
45812
4660
2248
50110
8046
15602
17364
8070
136
27254
35526
38813
27847
4350
42450
20288
2786
6503
32708
49567
12100
45440
27865
44319
33237
42446
19920
48292
38936
35470
43668
48999
21550
17134
36257
44075
47330
10082
52142
34548
14770
30937
29281
12039
9458
15476
10598
24425
2610
24476
21990
19251
9838
52066
7573
28473
29049
28120
38535
41447
36207
4151
44674
52145
6831
21215
49961
25061
21006
5654
27283
38279
39800
21861
9585
34551
30281
14489
31500
11009
11452
41231
29823
396
36989
13282
38113
52496
17911
3903
40794
12647
30323
49204
48426
29605
179
2552
42161
17733
45416
45904
27380
19369
11989
407
33257
36385
34600
14528
53430
22525
25158
20814
4963
26297
47370
25366
2324
49858
34547
41178
29789
46618
20739
43067
6476
7749
46343
20720
27578
26285
16022
40588
45474
9227
37516
15369
33108
45195
37581
14027
50606
49400
16898
25835
45559
39964
13416
9714
36468
11922
7265
2704
13502
5051
30953
42825
14611
41300
52819
3538
16903
20108
33671
2010
16041
38821
13756
1827
23671
27910
44947
46954
10993
16711
29845
556
13394
18186
27115
18648
24957
52327
13796
50464
14234
35197
16250
4733
7020
13913
11749
2730
18140
21514
34735
6549
2696
39859
37423
16094
28994
27657
33548
40560
4233
45568
13195
23686
7024
52282
32828
47975
7593
21303
40754
34716
37286
17365
26301
22324
48721
27784
25162
46567
33780
36697
32224
36725
17244
51537
17456
24956
34911
43285
16645
17438
22534
3399
47172
43404
44203
30543
10815
7185
9817
30469
23172
26819
15044
16892
26269
3933
35972
43973
20085
2775
52640
44711
8580
46484
37876
52989
18294
9369
23544
3454
29715
19229
48076
11959
47819
21396
1229
29963
23128
39523
44634
46314
35999
50975
6044
35678
2726
27936
35048
32580
43391
49633
23668
47737
6381
7197
14773
12830
20208
22337
24075
9340
48466
23547
27058
7365
7102
53150
42543
15805
44876
52883
26082
41321
52463
18414
30031
23631
18323
5264
10866
23968
36427
20849
44928
29043
52426
3407
14538
28939
39546
47209
20303
33026
37619
15889
11456
48512
24590
41942
28635
5437
37318
21202
43119
31592
2266
25067
37889
24230
42766
44045
39069
27429
52347
8797
16680
29377
11234
655
36194
9795
22096
40073
37702
24078
44105
8770
29747
1743
21787
18922
29826
33071
31106
22272
20221
36540
26020
37533
34185
34956
45992
45616
40628
28185
39745
27175
11191
33100
1325
51637
44631
33410
1781
47557
5454
40393
27435
44507
45090
3452
50076
19389
28364
15831
39990
39465
20869
45235
27200
24727
51337
53285
36685
15128
32496
3937
9198
20682
31421
47364
1364
38887
27951
18573
32796
13016
51652
35345
27396
23938
20436
48693
46733
33509
3141
28696
18324
17673
4340
48912
13826
25731
38189
22871
3427
37580
33008
47297
33603
15766
15131
39016
52575
40580
2667
45726
34277
40452
23862
8893
50382
50353
52763
46553
10904
49669
18206
28553
31984
30448
34039
8298
28661
46426
50248
40295
4443
49519
10838
48286
24962
30705
44283
19706
1628
42922
41223
41772
650
43203
47926
20702
6402
42192
52550
21592
19045
38537
8293
42438
13057
10885
47783
17429
3931
48140
46706
24688
35038
35506
42594
49370
26638
30678
33456
49570
21968
34649
25367
40139
20830
5152
11881
14149
42952
14436
36015
8186
31527
17358
29910
34250
33305
7876
44560
46396
50233
27090
28099
51763
39845
1150
21424
47659
37255
37794
12886
6202
34213
20242
38039
53162
42723
23580
4969
7594
10037
21183
39018
5524
28976
41348
20779
20370
35754
43183
18264
36916
25927
1804
28716
1256
2835
27104
18732
49840
36191
15593
14658
27164
30024
17490
8518
51604
30089
10941
42102
28447
29262
8950
50819
10987
21939
49634
24929
32324
46931
19574
28350
13216
36880
6177
9214
18564
51471
21368
4462
11430
12896
32714
24546
16058
32309
33608
29678
26256
45713
40603
27078
53459
35989
40539
22822
13545
43322
21459
34853
46971
32035
22206
41025
14578
19508
43746
10498
24633
26572
40991
18390
17386
43975
41486
40993
35632
13764
12421
42186
6554
52214
14127
22503
23150
3252
39079
53320
43916
27627
442
11604
46869
20721
7817
3756
52083
18485
36092
52720
21551
557
22500
19494
25213
33379
50315
33203
19294
3718
46370
34599
45540
44800
22490
14432
19491
29870
51050
2670
45886
2427
7942
26387
12589
28255
27451
2336
10974
10789
12831
47010
2485
44743
36003
45185
27896
34109
23083
37303
47881
1418
36099
11160
39882
15852
15795
4626
32792
45251
24785
22193
36918
50893
11359
19690
42371
27730
27526
11586
33850
43677
45186
32547
52734
44160
38994
36019
40740
43195
12526
42733
29631
16900
51843
19839
4938
3545
16808
27761
2740
4369
22946
20262
53345
35695
48891
1092
34666
12984
30138
47759
26471
41615
43459
24829
30236
46499
31534
19951
30346
33164
25115
42993
13803
7799
7344
51628
9682
29462
30812
13153
18658
6379
9488
37322
43347
40122
9829
24758
21766
39294
3241
45443
26937
239
23027
48263
39961
17934
47763
25907
34527
20049
37649
24837
28005
39921
43903
6855
34215
30437
51378
4393
10266
49492
17728
42205
40118
31602
23690
11323
30824
52924
33318
22462
39307
35439
33715
2605
45438
40667
43042
48804
4672
45068
39233
38570
48430
50504
16382
53026
3057
15588
19242
50117
26981
11034
27788
53739
17783
37841
28706
32541
52076
47003
51877
46697
51106
25495
3386
10100
46372
51219
47069
27531
16171
43162
9049
19567
956
33728
8627
21496
28070
40679
8510
38730
29646
3242
49585
20659
31959
34901
29706
9774
37092
901
3618
43698
16305
44577
17550
18737
42059
18492
38064
32243
19235
5840
23390
36942
42534
25714
23566
32201
23538
6146
7822
20596
14372
41265
36876
44417
36223
7589
2517
6754
9309
32072
26894
52055
28075
46789
21596
35412
23097
6109
49117
52364
44250
27871
51878
12128
37693
31167
46258
28665
5580
45330
10956
43704
50383
39659
11150
49989
6339
31595
11828
26073
35454
43934
49702
13206
26081
38198
19437
38084
34688
48096
5933
39766
45707
31415
53190
50485
8919
33599
21408
13203
32479
22383
33500
37491
12171
26295
41854
51268
31164
13500
53565
41087
39886
29640
49027
5075
52940
32712
49116
262
8422
51012
24995
37913
27116
2354
14212
53068
23929
42541
362
21449
25374
48739
9440
36188
36797
4948
33834
34681
7095
34500
42045
29582
49343
42786
2493
3377
33784
9608
8235
21938
31725
48778
3821
18051
35314
13561
13018
53602
27158
19415
38651
21126
46627
12796
36291
47419
50940
36593
44337
48232
50156
1115
3281
1191
1422
9496
51098
8873
49849
8204
51084
7611
31391
11916
41370
2193
3787
31525
2713
46346
7583
24707
43208
35605
941
42088
16455
14008
29143
18657
11508
15865
47673
30139
44493
28152
45317
40390
18589
21313
1759
42628
320
40484
43083
25032
28383
25794
34482
12751
9530
48409
33636
21302
32660
26261
52435
48941
31747
25389
2876
10999
9426
5878
15441
50161
2678
1127
40890
16753
6080
1116
53198
46336
38896
1999
22174
2086
19421
36214
6034
7473
44894
44210
42386
48846
47487
2523
41924
37906
38573
34802
41333
8890
31945
17191
50815
49938
51638
14326
6074
2494
41842
22652
7431
20579
43127
9526
26430
9995
49608
48019
34962
27085
7868
48283
44384
7269
11267
6481
1263
23485
25679
38441
52456
29404
27457
944
46948
52749
21361
53727
37918
21656
2279
25398
26943
53748
11385
24523
34608
1415
26907
47922
7768
50579
1169
21478
28664
7987
22489
31889
45066
41115
44218
36005
13586
50735
962
29458
31555
51377
17375
9073
11454
44266
29359
33533
26164
10698
17366
16465
6449
47358
32814
48911
21479
34797
32412
45773
49630
42757
20760
13478
16641
15935
42374
27633
10448
12991
5794
51751
10063
39152
40160
18619
51580
10923
12603
402
3372
5735
51999
3792
54
47007
9748
1373
48350
2666
37021
41262
16440
31371
42207
7439
13778
34396
37992
3606
16198
9760
47710
16188
27152
12913
30434
20222
20591
16310
36182
10294
15126
42917
21314
8088
41210
32730
34758
31573
23530
46485
17843
18663
52681
49366
45448
3216
705
38803
14760
30536
46028
52319
41263
42736
28579
44161
13816
427
46315
17896
44528
45280
6884
17045
5301
53603
30807
31162
7551
4746
42617
34180
2372
34899
19919
4545
30784
39778
39873
47036
37090
45398
49445
14571
31754
46294
33000
53024
33961
53121
43789
43523
43909
578
24945
8731
15112
12516
47888
10444
5238
21696
10566
38641
42643
38898
3169
14344
43717
29147
30040
29743
34513
1445
40640
13914
13576
27356
27666
46171
7333
51711
20767
29840
42599
11680
23500
50778
31236
4280
45543
17322
50994
16147
31627
6085
25909
46310
45304
6335
25344
31306
29533
40521
50818
46976
11663
13920
7224
47307
20876
37534
12997
31080
43230
9640
53356
15669
47598
517
25230
53305
41966
42329
52199
23272
1227
53464
23147
27044
11155
29950
23381
28745
36377
44789
7983
23960
13612
3157
16196
31816
923
8654
39587
32440
44705
43565
20246
26393
33076
38909
23873
36676
50850
43564
50221
10529
29020
37742
45790
16747
24397
34604
17574
40159
24063
14834
14134
5962
8942
21553
5268
2996
8744
11230
45869
12297
31467
26451
12265
25867
9262
48855
33476
33897
19775
34020
27193
50758
9013
50701
27514
47983
3927
17899
26893
1848
10361
17526
25611
16348
17018
28097
51290
7432
48766
42819
27948
27066
34411
41517
30460
29014
52798
2791
11798
15792
31841
3144
20404
10264
14404
7153
47482
17049
52052
9286
51209
53372
43005
12973
11517
12682
34372
9693
42027
39476
8214
7534
7215
6738
14481
15678
19248
45853
51392
27911
25151
23101
32223
12004
53239
15471
46946
28258
5348
19644
13825
43812
22989
4018
16556
49162
19174
9347
43959
22685
6405
28946
50661
19672
36165
2590
5508
27767
29122
45446
52268
52155
16762
7590
37032
45475
3458
47347
49831
9395
53089
26409
31458
31967
44297
52916
345
6982
22844
19851
27232
25364
21033
51493
27534
32348
26336
20777
3806
45586
39330
48552
27600
53503
53266
46731
7659
3948
51132
21883
9707
29258
45395
22032
9917
1109
21579
32205
41218
49931
29972
13726
21635
15300
14473
12199
3267
25662
18135
44241
34386
30126
14532
20625
29202
52737
23581
41768
43163
47947
41740
20155
32276
49427
15190
49919
21781
4966
45249
33650
26762
15387
27628
15144
11313
4528
12089
53569
21405
13212
20105
45663
51257
8404
50148
45605
31687
5214
24114
7563
22437
47832
24656
22714
34239
7625
20636
14361
6326
31163
41722
5662
44540
13555
33990
26800
35062
24901
42214
11579
7179
4408
1668
38723
37207
13698
36324
29894
49918
46814
1512
15785
45327
33307
6596
1644
20785
5568
40934
21163
39283
17730
7156
49337
4719
38553
38880
32804
21435
26478
36638
49782
16718
23450
26783
32409
31535
9165
5289
33852
49145
9717
37768
16496
46753
19911
44672
14375
29519
24400
18518
9254
38161
36663
29205
41898
47898
41057
38043
6912
1120
45882
28267
17277
5184
22265
32885
5919
24202
51838
41998
7916
33755
19007
18668
8506
36772
3847
21196
36700
10408
11019
11906
4182
35473
24912
11000
43653
38413
36460
12567
48227
443
2092
39623
24336
10533
29025
35331
48229
40957
23258
29368
37688
25601
22182
32124
15235
52840
6821
10155
43622
30074
37411
49434
36752
4053
7151
22135
26692
31972
4575
23743
16535
46265
7190
45547
52667
18106
19138
20438
19412
4405
45546
24630
13112
48926
5516
47973
487
29470
27588
24724
2845
8463
8118
51229
33229
16503
17528
28367
18556
7617
33804
49251
49197
8452
3987
1763
40703
13972
41227
12030
32218
19979
42538
33616
17273
16162
20131
14740
33940
34539
12534
16972
14340
15333
9004
10439
33420
2316
7572
53662
3167
51325
8646
12035
17499
31656
52659
11131
34968
35732
26094
22405
25994
5909
5721
18319
10504
27199
47077
6424
29768
16489
47625
38477
7054
6661
19116
14351
30921
22090
3384
7743
51825
4112
53377
15183
32377
19915
44049
26179
12815
1356
49249
36340
30180
40918
8453
24193
461
10480
9620
5847
48243
15854
22612
8823
47417
35561
1026
24272
2551
31203
34788
40035
19888
36193
4994
27779
6209
2304
15690
3456
41758
25703
53549
22119
47802
47535
30635
11826
5954
19655
6183
39590
15019
4917
53020
45892
21353
19662
27793
8742
34091
17683
49212
51668
8772
36466
9535
9853
7700
16859
31388
43708
25916
2408
40372
7172
20505
33492
19435
7367
1992
46566
34486
35207
37620
13447
41157
7201
5987
49129
16239
3472
8528
2734
12675
50355
16688
7320
28113
44694
18726
42418
16927
8974
1711
14628
42899
14676
3575
2280
47071
18689
124
1812
38246
17043
40996
36655
14151
30675
37464
19938
31979
4947
39053
47930
27946
13644
43798
26055
7064
36238
53047
34436
5236
47985
23169
12274
3827
20707
16635
53175
44215
2919
43126
52803
12529
13856
53512
35743
24228
803
25948
24528
1791
48758
25591
41336
5491
51688
39528
21707
32789
33323
33021
32774
47129
9947
9732
16914
5893
13613
50473
51662
1090
38289
33567
34249
46241
22434
17599
39342
1558
11432
9453
40207
20912
29420
19696
15856
32503
2081
48048
41170
19530
39129
29294
30088
37795
50371
40033
8003
17738
53501
2216
12702
42869
51215
4949
22898
20407
2658
7728
40941
19477
48550
49062
48199
33736
48862
4701
17973
34959
21982
45137
29402
33954
735
46877
27355
5716
21021
35997
1072
10041
26450
43148
44302
12113
27571
31316
18385
8663
39410
47667
12284
5224
29228
8536
44310
30411
19386
3026
24592
20663
7855
41637
12476
15710
37110
51583
14256
17534
52911
21469
30207
51686
10613
19755
17787
34077
45986
2186
17428
8617
50946
50070
50864
32319
36516
190
38265
30640
22988
19052
571
17652
31861
20875
854
40282
6768
47491
21814
27606
18666
38326
49713
39958
41748
6494
18265
44299
13732
2873
30265
34444
48170
27699
21366
43841
49080
34163
32092
49776
47294
8450
3160
52265
13511
10084
20356
30685
10901
47964
25733
48288
4428
53078
51123
20611
25532
21876
10589
28535
25152
13140
31953
18567
2038
26769
45182
19721
42323
47489
28507
51282
16602
1020
14672
29830
31739
36865
4920
53309
15469
39738
7957
19499
35129
11233
6130
15520
32927
14624
37075
8620
8042
509
6514
1443
36382
5275
53670
9467
40194
49779
25933
5842
4043
22947
20273
5746
6918
53229
51854
5356
21154
31989
17376
22585
1350
14449
40823
44353
29616
49986
2135
1273
6008
2497
8531
4561
40837
14751
31419
51635
26374
49744
41035
12979
50614
51542
19868
41054
34830
25227
24903
24741
48618
13113
6558
9680
30454
34004
19253
41253
30385
23057
5452
7211
1447
1958
24862
53280
24061
20902
411
47970
48169
15151
30062
44116
11817
14505
34867
25694
18570
30128
49374
9138
50875
37808
39562
50598
22765
50915
15464
50911
44817
15694
1901
49687
15018
760
9374
38288
30840
3059
52257
8804
49930
12435
36031
30165
273
45531
25859
6730
23515
41150
2496
42792
26724
36264
47245
31919
28795
17472
7255
39579
43591
11417
11924
1660
52224
1010
13044
37382
1164
38487
36149
41463
40036
1604
12712
2297
26390
33871
6529
41376
23346
6496
39481
661
28282
34356
35612
16893
6690
11748
4441
10422
29770
50445
45842
11643
8694
5535
31925
47554
9745
44034
4124
1110
25691
27474
43137
7192
34755
32132
2370
50610
49686
41493
6142
32425
36547
11125
51624
3383
17284
16599
3626
48075
16040
25526
36369
24209
25547
37643
38345
35246
11883
38333
9955
13940
25054
48831
9145
48302
30794
46514
46686
52406
36705
47705
9240
4004
8167
5600
25102
37108
44200
18915
37666
15363
13649
6921
38865
12905
36886
35073
29285
50093
4062
34938
42243
18298
34074
9199
21647
48181
26216
48880
14738
33082
43567
41927
32114
8745
7107
47215
52059
15646
24506
3639
3874
52977
52961
1089
49714
23597
17736
51203
9445
47302
45080
34851
37058
22904
35886
4934
22306
45338
19364
22234
24673
25620
50860
36261
32594
6049
23221
15370
33868
23943
40608
4767
40892
37367
39007
30729
36584
9749
31032
50879
43075
6903
34664
9922
3782
36172
8348
48667
1815
3816
20974
16286
15250
17591
13067
12445
22037
48174
25647
23684
44143
9730
46145
17347
7424
33916
5116
30502
2565
45494
24986
9388
47002
35330
15478
50566
13351
9129
21186
41449
2904
36297
7934
46658
2586
42693
49433
24759
34804
35679
19802
53160
6941
12936
6388
49481
21773
16277
8850
23153
10509
35974
7374
27597
38978
29397
1689
37033
44020
5050
51319
33564
48178
25126
8476
7013
33678
13805
18465
41158
37037
20685
15904
19205
4601
46140
4121
25865
49555
13052
11600
10246
8794
8488
17646
12246
47273
42461
13689
9391
11986
15924
13325
4048
47513
14193
48982
44987
13577
9283
27726
50882
44289
8856
39721
52408
41455
742
31011
18729
9475
27153
11979
15175
18710
47623
45780
35003
29120
37358
13909
34394
1316
40258
31020
9904
49463
5197
39566
32703
23615
40490
16175
4305
37377
21349
16082
22807
9835
28802
34173
40512
21984
41386
34203
5786
5475
29430
7681
50673
12338
49728
33938
7685
16693
45963
45825
45793
25299
28908
29877
20480
7150
13229
40192
772
31769
1025
28361
34047
49326
40763
19711
36616
32312
39363
33995
53693
34165
16038
8575
46357
18439
49110
40383
20545
12440
11611
36086
17948
35447
48311
21072
29351
41433
51705
50263
19725
30345
28345
8830
37104
22535
20507
10512
19692
9287
51077
34611
14802
20634
29522
38274
41027
48253
523
41579
6914
22239
29390
29590
7838
17061
36951
19475
7493
35541
29507
29695
51499
18968
15010
44083
18510
37557
50475
40451
53380
36729
40236
10346
28011
50648
10386
11791
14893
40805
38012
32020
30532
4320
52650
41073
9598
8632
24824
36808
17982
17788
23846
14984
2289
36121
43548
1891
41048
1357
14428
3279
23236
22412
31366
49878
29981
32848
13812
17760
17067
32669
38902
39231
20700
27890
20231
26268
25753
53432
15606
52815
10997
52021
3488
8872
37260
47665
637
37510
43967
32078
10278
51577
30667
7910
39460
2466
35913
749
12353
24132
22051
11345
42449
48782
29521
45263
26869
15565
29700
32445
11728
41214
42907
7319
42771
11756
17245
11152
48799
8226
17408
39663
3585
32781
26925
26087
15082
4737
47087
26859
32883
42316
47174
23205
39311
1718
35413
6685
52628
17239
9688
18256
5487
27798
16835
710
45056
40784
18254
40417
16160
15376
43040
14274
41373
42204
12323
28890
50368
29991
19278
7008
5292
24655
36033
17497
42267
34845
35004
12017
35238
31934
32862
9164
49369
43173
19335
12664
11132
11583
44691
47768
6605
724
51929
38774
19342
13784
31072
1974
14721
16315
28423
35970
47804
19815
13326
22865
2355
22267
39126
3100
14994
52886
14681
37521
80
40559
1555
51165
15227
40364
16992
41717
15853
53608
50231
39289
19094
97
50660
196
18796
28747
8459
8342
14788
35925
2412
2518
43196
48052
45873
1504
13488
14031
23271
28413
51629
49798
11607
24634
7304
38984
25715
30612
50856
30176
26542
14764
43406
52194
52484
12587
40188
34162
43396
27756
21513
19036
34605
1475
40052
53707
16323
26598
6118
27098
41911
36379
43568
42227
4035
44515
2241
47130
37948
36523
32490
46843
50681
38067
32354
24335
47859
48985
41006
12562
51743
21462
19380
14366
49284
23654
46406
26276
4114
36451
17310
25310
6652
32983
41246
26719
42841
9791
23286
37598
26167
17929
42840
30786
24857
39805
50878
30239
29512
9288
40225
13534
17766
23046
11349
11864
36039
50089
21819
48065
18196
49064
33378
13775
11687
18045
53341
43476
5263
35896
37986
23357
48675
31822
9316
6538
26951
33291
31096
26611
32209
1
663
20540
27359
47843
44597
39534
36947
27560
41273
40629
20580
35973
38180
35250
23603
53411
7541
29708
7048
7018
42721
28690
35963
44459
12575
35357
36789
32532
51100
36226
47453
30063
7701
28170
36912
25697
22771
2318
40988
8303
48201
27556
47594
11578
45199
581
51300
20293
46972
14796
23623
24677
11833
37154
28056
42672
40552
51962
7089
9656
16428
50273
21902
4362
47688
45354
13082
26480
47801
29332
24488
38290
1470
51823
12196
17377
45082
28332
26221
40082
20796
17354
2300
23091
27136
38835
25831
38473
9105
14784
10751
27102
34633
19455
3519
39407
48309
36390
42927
36498
8420
39807
8934
22123
41858
38841
43600
13542
19676
2916
52433
38700
9661
28217
21965
49083
45695
8074
49992
3095
45604
50177
12102
32169
10865
50214
3260
3916
15771
35487
21197
22070
40101
48003
16450
29846
49382
53601
26957
9509
14282
35827
22566
13977
16670
17592
27527
370
14849
26482
39516
24918
4074
26128
19464
42965
6953
15073
3055
10977
25631
46854
20252
28885
48842
14388
38694
11561
44974
13998
4830
51783
7867
2796
10521
7354
21458
53197
9020
10199
33949
43414
42590
27314
13180
34064
42427
7444
18639
17189
49847
18616
497
33207
34761
2746
1268
18127
31338
22200
619
26841
17876
48262
51616
6007
46272
30638
48185
44191
48824
30827
24635
52325
24355
26117
47572
4014
9882
12197
24644
13961
41698
31095
44318
2514
33343
16493
49536
7044
37164
25225
47766
35455
24013
33131
33562
33234
18743
20967
24689
35365
38202
51190
20348
48826
5959
45759
49556
5923
36711
41233
50230
27783
4958
15399
36327
50789
10861
12804
33756
48810
11379
18816
24462
14876
35803
9681
6630
51848
52700
12518
49770
25883
19774
22245
8800
5832
40942
537
32153
979
15902
1014
22063
13886
4912
53139
43553
17995
9942
18137
15397
6456
12255
14956
10108
37568
3396
33976
38271
10003
6864
17751
12270
22185
25082
372
45647
5989
47216
45619
15543
47185
24917
13027
35830
5180
46519
20680
4286
32841
27475
37827
26650
43905
22456
11993
8063
16884
22956
11087
19813
39260
7574
31674
53135
29709
36204
640
43984
17466
44532
15786
23467
29188
20533
9962
10158
36426
8625
5613
38156
26455
23784
26379
30872
9812
48632
2569
14880
21565
42679
44117
9123
40327
46523
37247
4458
15725
35544
17909
35453
52879
42842
19397
25704
21658
6793
8790
25450
30307
14216
35874
36129
37337
40657
7401
50365
2556
45207
3109
20180
10646
50114
13355
10798
30366
37998
39676
25207
48420
23866
53006
40071
1774
4607
25443
18584
13759
18470
39025
53063
10928
14662
26286
15816
2676
36263
36236
24916
26396
14774
12305
36124
28776
44380
46231
36330
22810
22740
17274
16963
8416
22452
7313
46490
51456
10996
14120
17002
16269
31438
44495
35491
35611
21710
30991
33881
27679
17445
2441
10260
3263
40330
1097
3694
2109
8154
23991
14034
1105
23075
8670
13279
52878
51477
43265
52514
28044
36956
46676
34369
28421
16229
16516
27614
8554
38444
31007
21264
44849
21442
1556
29617
11904
11840
37220
31277
13611
48506
15143
53410
51368
52529
36090
53358
24933
49913
1622
14933
10447
17459
5432
41581
14470
35666
34178
2560
33866
12314
596
52228
45133
19436
29436
15246
45772
46944
37982
52073
53564
24782
20586
49950
15541
1262
41987
50855
36329
40833
38714
5117
10508
23061
17325
1145
21415
3385
19271
28372
40429
29811
39591
7535
30066
4
15493
12993
7112
30703
15803
36875
3445
48277
23816
12367
4481
42254
27298
41143
28216
26821
50272
10651
1044
12573
40488
3118
48254
40360
9051
46403
15254
48637
52776
1910
29423
32289
23201
12157
38349
11140
21493
46968
30048
47646
10985
5204
19333
32485
40712
30826
34922
41644
13661
12475
15216
11570
17186
37655
41833
37277
52221
39535
42092
47181
10089
1796
20192
40928
38616
32273
35799
6629
9141
46929
23930
27994
40175
11609
22935
22198
13384
34916
29223
12248
50582
29210
39291
46735
42271
21093
52751
49308
3901
35935
51444
40336
10172
18133
35229
11697
47249
29752
38924
13006
37610
46628
1578
33195
48105
51649
21075
32150
598
21842
22319
38152
9948
14208
52906
37600
31968
8345
30592
37448
15200
18558
52621
46229
7457
5196
2157
38435
11215
53194
5385
22471
34651
5216
31616
46388
44638
1056
7263
26337
2036
19787
10594
26435
39273
19318
3283
21467
24615
35480
23692
11207
29785
27608
15981
48900
49208
34272
6862
9639
37677
20355
4553
15467
9389
16233
22423
2114
7994
1945
18092
44027
7939
12914
45264
22520
4469
42115
8905
14763
3833
38815
14709
32464
39956
19355
19021
21970
16031
30280
31490
11018
52762
45281
46071
43378
46943
52146
27305
4484
18279
52284
34747
17712
25012
2159
1303
22895
48764
18517
20235
43157
12459
18875
759
14368
16141
51946
25301
46668
49624
47000
1822
11955
46960
25996
46151
2481
27082
9258
45426
52960
46082
44657
113
15342
46856
42211
10867
3506
24680
44773
20500
34530
39191
26077
18740
39948
35381
49810
27711
16111
28297
47095
31078
44376
52556
33939
7512
34081
4482
19148
51869
25713
24022
48485
39756
2539
37519
9419
11172
29936
29085
15502
32559
46569
50187
7670
40182
9756
34401
10156
19210
17493
16895
5747
51496
17219
3247
37884
19769
19031
50138
29379
46450
11228
24271
30199
29286
29137
44264
29796
47622
31657
15014
37313
32365
48549
10802
22966
41497
31150
16121
11366
32304
43458
31180
32253
32054
5448
22707
49756
24766
4833
7727
39988
234
13243
4431
43292
34566
3646
14584
28737
20795
38784
43654
4311
48851
8127
11292
27649
53096
45271
22595
46157
47147
11774
36908
6281
43896
626
51242
20197
17469
14363
47971
23293
8002
21633
39971
36197
24734
17204
28362
26615
20565
32241
15745
42822
39031
44780
4290
15833
3490
40945
37686
32612
51930
50583
10313
17402
9431
11787
31807
12322
13145
18918
3723
35713
29518
50544
328
4179
49293
26449
23592
49123
17564
48738
25931
10834
35190
221
27083
40507
9026
31915
34630
46928
50917
53193
21898
20506
40046
49674
3701
43274
21851
23278
4714
42224
44594
27236
7115
27599
43810
29908
8962
14502
19460
27555
50207
34687
3332
28829
51718
22856
8807
52997
49897
38219
6567
17879
10292
49034
19425
36448
42037
7536
35773
12419
20287
22109
32890
31380
7450
4388
10862
11008
40292
23732
42135
11616
41305
6247
43000
20218
12620
43472
41372
47584
11507
47212
44739
7900
7705
27549
17685
11370
31777
28572
10236
38101
15383
20516
23274
13122
32267
45706
31835
24438
22348
28738
39350
35673
34603
51527
25645
2190
28108
7140
39167
31717
37576
42365
30338
5272
41756
33799
32200
42505
34332
2532
39090
37179
12779
6584
23528
34768
25809
20789
22880
33089
1063
44284
46278
48490
3196
31926
38144
33438
37028
51770
7644
40481
47605
30407
4906
32378
34001
39185
13917
8274
2066
35650
39525
25062
6807
16309
30940
12771
52637
5419
38613
22559
43952
9686
35648
19761
44678
8020
23772
44581
33157
41438
50561
9043
42666
11142
17562
32161
29546
10708
44563
3292
6254
34327
31120
2465
52513
30732
16726
21439
43200
22756
288
39095
35701
32115
34582
40015
49082
50346
23384
11447
314
40663
7275
44728
26862
22602
39420
1847
31772
50377
48894
48156
14621
5365
47957
31286
46850
39073
1408
47910
25789
33439
9447
34622
52213
6136
14147
5320
35592
36609
9472
53262
26809
654
53452
12360
36102
6114
50186
1070
35565
39005
22851
738
6441
3312
33746
23569
40427
47726
895
48760
23314
43359
18292
44942
10587
15583
40332
47102
52432
49188
53692
5679
17547
40925
45804
36061
34509
34473
51820
26213
24577
35165
18835
16909
50535
51041
22643
6208
43030
36386
52543
33859
449
31996
4960
23778
28326
24693
31851
32431
47276
41560
45424
51153
20908
31404
2853
43440
31613
16388
43399
28115
34993
33466
40785
19257
26414
5459
10230
16013
29002
29911
16301
52501
39385
929
30076
27739
45640
18822
45736
11628
33443
1973
4283
30204
20647
14629
21432
11090
19988
50115
37079
6628
28000
8179
21257
31385
53029
14004
16782
31609
42852
30156
39281
15968
52134
1174
37353
15781
38888
34410
11746
53176
40146
41248
25405
47214
36999
45817
44575
4524
11762
27375
42338
5061
37044
36758
12191
27594
15649
31545
44059
16938
28505
12026
34485
11027
21735
36968
13579
44439
31222
36499
39594
30672
17612
2350
1627
15582
3244
26199
38110
45778
33471
12994
43101
51264
43069
1952
51336
33246
2718
14690
34254
26476
53276
38982
18091
48299
35967
51911
6065
21516
48246
41229
43827
45692
18078
36
29438
10806
32613
18867
48488
32275
30694
26953
27407
37802
19776
42281
9267
10478
16472
25070
50809
47781
18450
42496
29146
39565
21708
24749
28465
23932
5802
35417
34891
14687
52248
1071
40692
17296
24646
47610
3906
29525
7501
10151
36402
7966
50498
30058
45191
22663
14559
780
49990
35459
12410
49546
21821
35462
20150
42405
41527
37995
12756
20075
50412
40688
7030
45514
3848
44592
15068
5708
11799
33020
13252
46986
39463
7608
49978
8032
254
26701
12548
23435
18774
43998
28474
52255
33457
5092
2110
42978
9600
27035
43559
37708
48724
15659
23107
49632
11007
20285
24478
33605
29673
47279
25501
34176
4962
16646
36629
46527
12000
29797
51728
27921
17699
13615
37482
40577
32735
50056
18486
16443
39839
6789
50900
26948
43377
14964
34452
37210
38496
42469
9534
20227
29104
16760
10556
26163
44903
41205
32127
21138
23767
52519
15984
34766
33425
53585
31938
46636
13505
18296
23892
28248
50719
15916
44885
21518
47159
26963
40907
38423
4932
1591
30330
41759
19850
10355
50813
51286
34129
49130
15629
50627
9144
33851
26856
44821
15090
22486
36398
46837
22356
3485
52864
32400
39237
46586
42410
23106
31823
43864
29912
48920
43366
35677
44235
18872
3300
28952
35214
31856
50226
25717
30379
42787
43569
39916
28404
22041
40612
25900
10094
9952
38916
19814
16925
25471
5697
36094
44279
47855
38273
6751
17054
3857
41645
2148
8931
24826
52410
15604
23644
44126
53102
36512
28051
26434
33213
25120
210
15258
49214
22168
34388
27206
824
20581
11328
38844
9991
23589
1000
44813
19222
27635
48689
49879
37447
48822
6987
38951
30598
24926
51281
22967
45937
18928
34920
42346
29985
42168
858
33879
50044
29220
37133
26443
9514
31041
15225
46489
51246
44446
15071
8726
45148
39927
33629
14926
4360
16278
52369
33109
36007
7785
34184
48037
24870
27566
17530
14413
15195
36592
20067
48980
21625
40298
53025
49661
44808
1235
19714
31023
44017
19700
24720
9540
47113
44395
19735
28899
8498
50530
7902
43838
6124
35532
52105
23406
13592
32661
942
44170
52332
46560
35798
8220
16231
15115
5582
28406
38078
42953
47676
16142
8880
36021
8588
33211
15206
39940
30119
5706
18966
18865
2281
41266
20882
16140
15141
31673
4218
44867
4111
4992
51292
53192
33449
48990
46153
33613
19826
32422
32033
33770
21248
8741
42049
25003
47006
45247
43724
8254
26983
41824
41950
12313
10312
46734
46090
14561
621
30654
9336
53273
38468
2533
2681
5845
29080
18348
48133
7969
52828
49866
14693
6324
2635
14961
1729
44959
28116
1404
31736
45689
7168
10429
34225
41085
14116
5958
41304
19835
45491
38033
51472
48636
37444
17780
51983
32674
47080
25798
736
7364
30704
14860
21265
6758
9218
7791
35390
17194
32912
1493
1683
45955
50519
41385
15751
5615
518
47892
29891
40960
18674
27593
35313
35976
46650
39511
47924
23320
35909
16548
24793
6887
33461
25420
8508
23260
39837
29606
52786
35059
8100
48882
9945
23789
24259
2656
31549
37432
33893
39764
2824
24290
31331
32096
31262
6706
27949
21582
25846
39102
41424
50718
29952
32614
51954
38895
20988
42028
30554
34786
41984
23422
28224
26040
3765
23889
10851
33209
16611
51408
28757
24036
3861
51043
38852
48666
6679
13085
15297
37421
32720
22728
7688
26284
11963
24000
19793
11316
25446
49183
24628
13255
33644
3424
50331
1417
20730
23033
37047
41901
20428
2261
37931
7143
11825
9135
38170
16208
10770
1368
10881
53002
17597
25148
1383
38475
1820
22333
12667
11674
49233
10530
42278
17382
11544
23864
5287
9317
19743
2319
44198
20922
29428
4418
29252
43631
33015
24414
46211
7025
21204
7695
9484
38689
27504
21430
25530
52908
43522
47183
8568
36652
31690
17228
9735
5925
21074
29888
19157
38997
46590
39099
28786
24682
9710
32981
9652
1845
23620
23573
10471
51889
16151
649
24953
22502
15630
11412
16119
2025
31039
35281
28230
9664
50817
11156
10153
11758
4603
25975
9951
49440
28102
13054
6023
31131
32478
40371
24704
1813
34826
39899
36034
32178
48377
28526
52520
45564
25413
48684
49560
17003
39723
34678
7281
1490
35261
30571
2069
17571
50290
46424
27863
37751
43026
9885
33411
27875
1773
48071
48184
25326
15202
29555
19739
5425
41961
20082
19050
540
6827
670
49618
32172
35213
50633
53429
18309
33303
9154
4872
37943
40540
16446
7835
34310
47791
5603
30497
46197
35917
37188
13033
31864
2478
1658
19616
24088
32583
44053
3743
21168
14659
4576
13976
6812
53701
40595
24878
40858
52263
16093
53250
29453
32519
41190
39078
49547
48974
32771
30091
2852
51334
32816
28467
25695
1780
1436
23942
48668
5911
27076
50713
37349
37427
44067
29554
21005
34321
23996
20666
46094
2169
20708
37965
30197
46326
12198
27110
21101
43439
20183
51174
40840
46932
40638
46904
11135
13814
40027
45038
19070
49717
29535
50189
2943
50552
20858
38615
8591
45926
48986
10697
15159
21972
2197
31154
26272
29144
11847
38466
16433
35373
3071
24368
24495
45340
6069
12855
28929
22027
32008
36587
18831
15322
16608
10578
17102
23020
1232
627
31810
45287
18286
40678
40303
6137
30770
12540
39605
48284
6510
40143
26124
22673
53154
11072
45225
19316
44788
4384
39417
28720
13640
13821
47355
21094
15404
891
23499
9442
28560
41298
5680
25511
19173
9697
48025
20639
48433
29677
25482
44121
3308
41238
46898
39027
13041
2033
39675
1724
49806
30341
36175
12187
25738
30336
28397
13
4541
8339
36309
3239
23372
33503
52839
45704
21669
27077
13294
14471
44402
22716
420
44545
11032
28145
37849
46824
24071
28683
33807
37016
25329
17845
16717
10783
8803
14952
25853
44071
722
684
46683
48396
9939
32396
17553
6844
2471
11681
10434
8787
29217
43954
34980
47304
4598
50304
13246
42690
8314
33762
12291
10147
22730
18691
22086
9486
30431
19059
29942
52374
33573
1192
25542
19942
19027
22784
35058
17249
10597
30867
47858
36119
22308
24184
44684
43222
915
9184
12629
20443
32693
18237
27672
27150
20034
35623
5797
29449
34209
52318
49493
4242
31329
20107
46271
32303
19358
46820
9731
29076
45003
20096
25785
2141
43298
26273
38520
7484
27585
7926
49148
10088
32095
34825
41436
40730
51573
34955
36634
19691
49975
20264
11948
41770
31257
11288
46825
34722
41052
26239
28835
26590
30480
25222
8940
44129
8853
5384
42529
6693
49785
10024
34000
19194
49553
20564
15872
9814
32855
40259
36819
35295
793
9969
38696
10693
16614
19558
35890
22394
14078
48713
35587
40398
50820
27070
34218
50400
16220
38387
29239
14131
42318
24357
35558
28594
23159
46472
36492
20072
19218
51864
22197
33375
7033
39555
53080
4996
3000
43501
38380
10104
7011
20040
50985
44770
28674
4190
12701
34696
16248
32681
20938
6153
49029
6637
17620
27516
36125
42986
832
51394
352
46712
19429
3869
23334
44473
6397
11214
28583
25251
37471
24812
5620
16764
14696
9918
26946
6923
50367
32322
25409
17859
15881
16696
32484
3587
33828
3591
49884
29820
26
35277
12666
30973
9042
40103
33708
31432
843
22837
15420
39296
28831
8623
27969
22222
33414
20825
42266
27279
26898
12725
50721
52654
29469
43187
26631
39110
33783
4204
19099
49256
31936
8075
39840
35802
44926
53582
31112
18187
39412
15778
28370
4586
49278
43927
23004
45303
34893
19323
23036
2439
6515
40644
22199
24085
42326
11648
42008
51579
46306
12663
35457
18235
27754
48555
46213
6470
45786
51554
22192
729
16818
1714
50369
47787
27966
13376
40871
12180
21130
35270
10332
48885
2633
35495
52642
28611
47514
22733
12929
14754
20932
48500
4936
22751
11914
36569
44609
25394
36075
20740
6188
45651
51950
4527
39806
43659
6989
44014
8414
28964
41572
37169
33915
51835
2257
6557
15272
27683
12827
3024
5672
34370
8502
35853
51417
37554
19675
15721
15603
2204
52103
10902
12251
51742
16434
9312
40100
14660
14321
35187
6459
667
12483
9562
8926
11920
3588
24998
3665
46425
5471
3783
46603
33272
24070
41789
20531
29613
21037
15168
30215
28990
45931
36465
47739
25004
15621
32571
36283
35234
10350
28359
35884
14589
9980
24361
44183
49869
35929
16533
16095
49217
12775
41117
1960
16341
33977
287
42264
26339
3532
30419
42104
49266
18053
23634
25020
388
5079
15539
7243
31176
13624
22100
29366
52242
10769
53753
24982
49712
14558
38488
12749
50325
51048
34117
41767
21973
50979
29264
32542
51124
31465
467
27434
29540
17643
30820
47105
19305
22017
593
49524
16994
28272
16436
42189
35114
21434
26218
5460
16441
15213
13823
9230
43311
16069
15892
46054
48834
13116
20807
41093
6800
22391
50287
25484
35441
45897
6082
36571
34682
40229
34692
41472
23836
35389
30662
45510
763
40881
50509
48731
20538
43054
1709
27302
1128
15538
24964
4178
43534
33813
47009
6436
6152
49916
5470
29177
9609
12728
948
48993
21561
15494
4758
41492
13221
50866
45351
50684
51431
26195
51422
42818
31254
10900
27780
52677
46259
52795
30862
8405
49087
41112
11114
21120
49099
26019
46356
15827
33989
28354
32187
39777
42061
41058
45917
51722
29933
6519
46791
30859
17109
39358
31015
21059
37585
52682
39212
689
43144
14403
26635
39718
20696
4864
38080
33039
52380
11026
30244
45866
30790
26127
47732
18308
4349
29035
36648
21849
11170
34736
16837
937
33009
3849
17129
3856
8771
49001
53289
32392
19663
14844
53120
19910
49357
25265
25723
50312
14192
49198
38299
31797
19340
8165
5202
7691
7914
31559
25522
6673
11418
34155
264
10250
43882
50626
8064
53577
25555
3111
4329
34304
32405
17113
25780
31478
7288
3638
11106
39362
48161
8922
41702
28243
20935
41965
49483
32705
16362
4109
12891
22965
48533
982
5290
44188
2911
11149
51009
44419
15242
12064
15724
46964
45103
49631
32894
42724
34601
43819
27619
30325
7455
48027
23734
18089
30000
34975
1431
49405
11499
6033
36364
23299
33973
29233
47167
40990
37667
29947
15221
1391
42802
27796
7723
42476
27525
31476
2558
6244
28401
32502
7400
6073
45517
28605
18364
51104
36830
26942
39432
13602
29999
10584
48137
6273
43702
24069
44159
22926
2058
5076
50637
16076
2200
13965
31319
12704
14157
23662
7702
16427
11940
1331
11056
36668
53435
105
48502
9550
17015
52537
13930
11361
28489
51551
10035
46103
52571
53389
24406
43762
35151
13115
41091
21290
2192
18881
33768
13298
27869
47785
17906
9768
36641
13012
10388
39010
31259
3819
14972
7886
34361
47381
17805
31809
18548
2985
25848
40405
38761
13002
30477
13877
884
35244
6125
11416
28604
2023
21095
610
28129
1585
26289
5447
43751
5643
52123
6363
24466
49696
17468
14437
32989
18424
6313
25430
51154
19635
19792
1603
33706
4133
13848
8930
17785
50705
24021
51935
2564
9525
18205
15506
35720
49952
37109
47220
48228
1636
5328
4294
15634
35958
21122
41550
28104
14966
31457
1962
46078
50392
44252
15767
8164
32246
20783
14251
22268
46891
201
52141
1179
39028
11650
30746
16566
8480
30648
16422
37875
17372
13717
1517
21901
32285
1223
53201
22801
2715
24542
19247
45323
18640
761
14130
28773
48908
10768
21699
23224
45359
29578
6104
48013
34743
11830
35819
5946
25014
37837
31776
11134
48124
14204
11346
17741
43478
37583
15037
47942
6752
52858
36056
26057
14299
32151
52515
31400
4344
46218
38578
48761
31857
38977
42363
25956
21028
42239
43215
4644
28166
25306
38108
15822
23887
33442
8758
53326
15796
8932
21332
5362
19554
19604
49575
37174
48497
10146
22778
11649
30525
8995
336
25000
17862
44599
15514
4572
47394
38665
33138
40749
32604
25289
35069
23806
5541
49346
53568
46963
17038
32555
7893
14971
9101
2591
1107
2016
24274
42654
51620
27738
43529
10519
33874
9371
31840
31952
23794
18736
18072
43813
11495
7941
41302
33075
12856
9759
37053
48045
29116
52830
22584
10468
11588
3217
45209
25844
29523
41515
7959
29682
25915
31750
29795
20498
5828
25884
44066
30669
16047
2535
52137
41785
46022
39758
51162
27224
24226
7458
24415
33149
7646
10061
25328
31086
10523
8863
27440
4658
12807
34393
7888
39902
18369
14063
30387
12129
18262
40943
41992
40799
2131
21698
36651
1482
15922
15975
46679
47441
37959
22075
19280
9593
42098
47730
39403
48806
32465
45405
22131
27612
4815
45748
45224
7142
27409
35621
11682
13771
28561
35499
12141
33115
20798
28588
12327
52725
8705
37963
494
12882
15619
9323
29062
44411
17625
38562
15851
27118
6377
17040
23881
43134
14622
44832
23190
38391
31326
2829
30852
29683
12148
9883
36911
25661
6804
41531
50149
10758
53655
5957
10995
22781
4399
34928
9546
22513
11514
51866
19587
25408
15511
40522
33643
16578
22011
33416
41270
7175
51723
19405
29831
18353
15270
30234
5625
32567
5976
6545
41981
48033
25036
6089
52572
14666
24706
7769
33725
38147
1677
12805
33270
36624
31894
34661
28334
23016
17846
46125
39072
51918
2060
29762
16676
29602
7228
17966
813
24509
32525
53531
11960
16907
1409
50139
1965
43956
16796
32437
10387
46810
20806
20065
19876
32866
26084
35199
31284
34524
36791
45406
19680
16303
47180
4896
43487
16158
15488
4438
31860
40476
51515
13617
16819
39786
45683
6847
44534
51329
44857
33030
42502
52222
10694
9528
40000
52851
8346
22477
10601
45719
36545
7229
4188
4532
33843
35171
22393
36345
24300
51213
28471
42640
33925
43869
35175
40632
44278
50838
28843
12279
3293
44426
17813
26177
9578
41328
3156
26421
46281
25465
23335
52900
6190
28106
15015
8586
50585
37215
10728
31669
52139
21116
28144
1387
47674
17208
37990
8560
46159
32700
24060
43771
30663
32725
648
37117
31675
41997
47442
6097
29509
25563
7839
24648
22480
16806
5967
6840
26697
30696
31430
12800
35128
29655
42024
5950
41682
31890
41487
20701
23944
40215
24937
17589
40966
48038
29212
26247
30916
17448
51979
47132
48446
14944
51298
22885
53575
11064
43172
45828
40723
26932
45233
9398
24325
28821
29558
46532
53644
36375
4885
36486
36612
6148
5023
53149
3442
35468
10644
15607
5397
11442
26375
14079
33255
34877
13541
43166
5322
2892
32094
30363
628
9631
8338
42559
15581
50683
29053
11171
10008
31789
26960
17635
27564
11581
48843
49014
632
48091
35185
4184
30883
37462
39024
33448
47376
11750
9711
26174
18044
23950
41172
41723
26078
31073
477
19768
9417
46080
7923
46476
10526
23234
39308
5882
17006
43679
7613
51357
28225
43671
41129
245
2868
44521
32487
52780
5868
13807
30217
33175
21804
24093
18123
52500
38098
9127
15679
50291
5390
5027
2854
8446
19424
2513
42350
47137
44658
34879
27698
12020
43589
11961
29594
4753
6285
50121
3683
26161
37844
37121
12870
11344
34205
14378
47609
27246
28464
33561
30822
13342
5703
33351
2986
17117
47035
47663
32188
26573
30779
38892
37956
43881
17657
18629
8322
8081
16344
34017
30267
19215
19091
25673
10605
25323
49495
46574
24561
53502
5458
874
42924
17570
26799
17500
28365
37622
40951
46056
19371
8377
20345
46672
21623
48578
5177
23853
34808
45067
21545
4005
20460
49004
20719
6139
6546
24055
15267
27487
43108
32932
52747
6575
39361
28363
21934
24814
16699
41028
25384
36846
51139
4632
52808
29781
26267
52009
40193
16501
16906
38850
29269
41185
12302
7194
3195
33184
23070
15327
35120
40457
44838
5472
19639
5412
20709
27877
15215
16755
4402
12429
6126
25015
50000
9934
51695
23430
19286
24547
23657
27567
15437
50017
23540
255
45283
22054
40180
38680
27233
14096
26756
48967
823
19962
22609
14544
27931
43035
18568
865
53367
10903
49617
12216
12028
36351
45236
7495
10513
2102
12956
53560
14126
11081
47588
10621
45577
6155
26326
18884
44574
41475
53076
22985
42007
27839
50768
38868
44791
22071
25604
51936
45107
45455
2275
9134
41392
36728
12059
13894
20399
19903
41766
11994
12355
33628
15911
22411
39331
48280
17103
46571
31779
46909
17883
21219
12093
27012
16828
3150
26344
47088
6203
32977
50837
37602
36687
10195
5675
1864
33014
18157
23211
3376
40216
50937
19924
48707
33996
4110
629
12254
19520
40565
33064
6357
42868
38831
21808
39688
27389
11998
2290
4477
1337
16905
19005
49170
11769
33923
10910
44026
4955
36355
16471
6246
30832
1955
28655
16473
3014
28386
8039
9896
38339
35738
31436
39809
48315
44274
49703
18803
21397
39290
30124
22304
23495
21175
42222
21581
24417
23207
18030
23837
10135
11569
27861
35568
29642
26921
38472
38353
43790
26242
13582
49453
14939
6355
12007
52427
13339
13993
29339
9826
10004
12543
22646
43138
20057
19695
39132
40367
47404
41318
13842
52011
28842
12190
18761
22574
4221
18509
22250
31068
30102
25769
13198
30189
4521
7872
31487
38240
675
42857
37633
52457
32865
43388
39012
45215
24856
15424
23558
41211
39556
8717
52755
31147
13790
41867
7079
29388
11013
18926
34123
32278
315
50461
25343
14608
50652
10450
42959
43800
25084
48247
2530
27985
28855
41763
5748
46007
37549
28295
2133
11912
6447
33510
46510
28133
1147
3513
30340
9376
15558
16421
34689
6248
34690
16943
24642
32441
39108
12783
50018
10180
43754
35998
20603
15335
19722
42611
2479
21375
26264
50560
4337
9365
8283
23415
52191
32140
50671
44706
11445
52143
28578
49041
10872
10273
9981
22816
30802
21237
40042
46979
25565
50456
46321
42734
17915
46542
48186
30458
49202
28573
20615
16328
50053
48171
21367
41549
18162
13036
18333
15638
53664
5387
9217
29440
21258
3089
40445
38755
35362
11692
2609
14726
15142
44360
4210
22158
36533
38989
8240
31246
15673
12286
35266
6400
9986
29710
47251
40152
7979
14553
29479
27697
31058
4104
15810
19595
2170
49852
30555
47758
7618
39970
6231
14358
4867
25131
46013
27857
2597
10696
38302
11368
34397
22738
42921
53415
29719
24314
47123
14001
36114
52746
19804
49811
15579
20206
26121
41252
29184
13070
52394
49934
26023
2542
1837
48854
33208
45076
47134
37459
37274
11068
31708
12951
33750
10401
49057
11110
34947
989
23764
4079
29370
51405
11195
13047
25352
13201
45851
26130
46475
36536
26022
41738
2781
29711
32998
516
50130
20405
38395
698
26609
26608
26180
49462
19438
21428
10543
29363
24006
53054
275
39085
45857
14121
25046
18085
7816
52568
48440
20146
24770
41355
45011
38095
6241
804
27324
48755
16950
8168
30356
8628
11550
30166
18576
39223
52973
37348
16415
41430
50071
13710
1688
50222
51666
50472
2757
36230
53583
13155
5273
18295
8864
36922
20418
34480
7984
49780
51397
45306
22116
8900
15890
40056
34704
42714
16338
53492
34487
36716
24014
34134
51575
47222
37175
23762
8438
7920
29915
34553
31083
18177
42118
25272
19145
6832
26112
42524
10490
6312
43685
43562
44665
43331
17121
39357
8468
24461
30368
10772
12541
33067
20972
20763
50330
37320
3219
49761
46350
53665
44321
49933
29466
36141
36837
6051
20247
6530
32491
15210
42493
44009
3552
2232
10955
2030
43332
47653
48036
39111
31625
30700
51984
18889
9083
24084
45924
25400
31551
14500
41852
2615
29224
21794
28038
23629
15688
4800
4824
31190
28188
20847
41596
9470
29418
21294
14897
38167
38673
40541
26027
53610
8324
1865
44933
45614
20901
16862
30716
17421
10488
48788
9359
16126
53383
38628
32523
32831
45789
26033
21932
24906
42477
37786
18811
20891
662
49452
53525
47100
46095
699
16949
22247
39454
26036
51884
8559
6329
26364
20552
17137
14718
27864
17919
5814
2987
31225
45518
7120
39448
6108
2706
22303
46703
44469
43320
52711
8022
24126
44312
44391
42515
7452
52661
51214
35521
31037
7122
15961
9646
53136
31676
16453
29494
10335
15139
52822
6602
35838
6358
26325
8466
10887
40970
29941
20058
34036
5996
44357
30793
44787
35595
17150
15152
16725
41039
50894
8639
39529
25479
29394
31605
26787
20787
41261
31159
20711
1933
5004
2948
53547
24582
32710
12114
2251
48638
3480
30811
50462
31629
22790
44981
47274
47637
47390
5200
38446
43082
183
187
24593
49053
34280
38407
35443
32994
5733
42465
47135
44405
13735
34904
45911
4131
52492
51824
43338
22048
4152
48121
32959
22640
16442
26659
26847
20995
4718
1066
22951
5665
13560
23798
23423
52329
24409
11776
45284
51982
33366
52015
31872
37138
50921
33885
7747
1015
22521
25132
5198
13833
38277
13459
479
29906
12256
13811
14767
50895
25174
51332
50134
40781
36449
19560
34468
5782
53124
40355
43563
7291
25889
53469
37744
16679
14850
29461
37374
9238
36722
34557
38015
22235
32737
13999
33701
3721
13876
50027
27823
36940
19232
44913
6597
30572
48391
28388
15104
26031
39285
13539
43714
38210
30523
31137
31757
7437
35617
21555
3470
18149
12844
9207
28808
33905
26826
47743
7271
19837
2858
10628
45538
45960
36140
42512
2954
33635
30901
52385
37409
12178
19034
8986
6013
31662
1497
51530
19213
25247
43468
17418
19977
21691
23484
31215
37636
53729
20232
1663
23340
44989
46698
29061
19629
52237
25776
42439
114
10259
50049
16174
50442
17852
49582
26102
36189
5504
12201
38734
20811
8967
38068
4316
52868
2105
2755
39172
24756
29296
13131
49960
23126
39941
44225
7558
11268
4678
2771
48538
39890
34869
9611
16804
554
22886
50336
21956
9292
40162
37204
35551
47230
25677
28558
33219
2395
45382
21917
14534
4530
34522
19781
10632
15008
14292
18601
9692
45557
39104
6454
44186
22360
24497
14663
48680
41415
32817
11333
8684
13974
46957
4269
41676
12859
19110
6457
20249
14745
9225
30710
33436
41523
7935
50046
38827
4503
7547
53516
18967
48039
2934
38332
1800
7405
33822
30149
13809
34325
14406
44692
29342
11253
34149
6775
26313
665
29788
9533
28483
13388
36537
50564
14780
580
2468
30559
27448
40023
42128
38313
31738
6850
21003
48236
34465
18724
34392
44912
37818
5642
44211
16408
38935
24023
46065
10863
4811
40922
40468
29254
14227
52969
681
4898
37976
18797
19821
500
20834
52081
52502
19074
7057
2308
47746
48128
35796
12293
44164
306
2902
12142
13959
33726
37410
30963
51692
38484
42122
22767
15134
24489
43538
30003
28017
31358
5788
19040
42086
32229
47265
3656
40296
29267
23639
7468
36287
47533
12175
14311
26815
16361
29107
6290
43983
46942
24798
10337
16813
805
17593
9181
50415
4946
25684
48022
42778
3342
53310
30763
49368
46548
50906
11532
17986
7586
31292
41938
32550
40696
23733
1202
1760
31524
46583
46496
1540
415
35047
14074
31875
35760
53420
12907
52602
45977
38168
18873
21846
26067
35953
42563
48323
22868
603
19939
46458
33034
32847
11213
17056
14154
29809
40408
4506
2604
48459
11772
6070
49962
53166
51949
33875
570
50200
23051
508
43931
41260
34543
44792
37562
13092
8714
2723
44973
9709
39100
49477
6968
19082
6964
32134
41279
32876
35023
6144
11701
36052
8278
23682
2394
4881
20277
16687
37971
36266
35510
24156
52740
50901
45324
13321
45889
50605
49420
5041
17891
23728
7870
20893
36574
32467
53204
8577
36614
53685
12908
17014
24556
49499
5566
39287
12009
36134
43209
17918
31047
46841
46755
49745
35557
10683
18371
14620
23067
34061
24647
22637
14962
14723
5207
19981
38305
51327
29515
43681
31451
42609
41154
29600
12606
16980
6107
26855
42432
30438
11601
43937
39967
23663
9834
37278
19134
775
48952
15749
51694
25653
30105
16730
49957
50522
37758
37208
49468
23431
9648
17259
8902
43993
38066
44897
27742
9586
27540
14785
44336
39404
4394
21877
14431
20470
14988
15331
8306
13437
21283
22961
19167
4742
11549
52344
32189
952
31704
30449
37284
26220
5585
52065
7808
25341
16467
51588
31004
16234
25742
52767
38485
3137
50278
28671
9204
15973
3103
40144
21572
48114
6698
697
30920
45502
49139
27918
2393
15926
45705
42570
6876
12301
47662
8499
36906
41689
16683
31050
37424
31781
30604
17838
21632
43989
40499
27184
26910
9485
17923
5695
49239
33433
25934
7734
41611
8425
32603
11391
22847
39665
24263
47522
34554
41694
49423
7146
48141
32684
11705
29385
43156
46576
31168
21230
31548
18827
51053
49598
45976
1103
28741
24393
24601
26938
28289
51304
25001
15094
33413
11315
40574
21407
16723
26485
20282
28797
39792
36836
27817
51024
27901
2879
39690
47644
31579
21507
2118
17362
49569
41343
22545
45522
46748
45991
14585
1595
51599
42738
53046
8007
4474
53425
45987
49290
41116
6274
32277
41309
11102
38409
14264
6598
2254
10466
35607
29073
3037
30095
14087
49484
25080
14667
42948
32071
24131
4919
33045
45481
48710
49460
28796
4584
39372
30196
30935
31321
39208
33482
38458
29528
32650
49349
9832
28914
20250
11901
41737
40985
16830
7498
8320
7982
13684
16721
30030
47860
22118
45980
17268
37865
25397
14239
28231
3197
31192
21046
19937
24789
5817
32552
46912
20558
44504
41976
39415
23279
10101
37373
46921
47310
8555
25066
216
29818
23434
47322
41619
37416
46309
48403
13517
8672
6420
42195
27176
15028
31138
29690
1144
39997
5311
46617
7294
7812
24047
19944
39345
19329
11934
2124
15738
41814
3791
37738
9757
27693
39853
6692
45525
19884
30279
52499
51034
23549
41247
10491
4661
41823
40760
2214
38770
4768
41332
39775
22188
40646
20391
9147
29647
25350
21247
40579
25284
11206
3789
17321
4106
46930
3122
14541
32973
41659
25660
26607
9606
721
31854
7912
36048
47534
6689
43034
27179
52144
34767
24899
613
27183
29459
3531
39020
14825
41450
36926
33043
18218
12980
20048
17960
52198
49125
13026
44325
8604
32565
50728
15837
20190
16392
23166
13333
12050
25651
31540
35777
16272
33801
22263
14959
11729
20698
36243
9095
3204
19453
38532
15648
1347
26126
47635
14617
22894
47546
29079
38337
29481
22318
9902
38917
18330
48063
30809
30167
53384
371
4911
18021
48702
47125
26575
17861
14804
45055
10847
3568
23636
40845
17471
48779
864
38625
192
30871
11382
39513
6211
27273
42459
24999
29802
25642
40081
40687
18561
8809
43252
23217
50957
9794
27286
50357
29563
16857
14426
20031
22675
5303
37866
2410
11555
49390
27634
12228
40382
21241
18207
20319
1775
35315
4211
23754
14323
9674
32447
24521
26282
18413
18200
38814
49766
18100
18641
33077
44490
34365
48321
24283
18602
42101
35425
46227
11279
18853
31833
9152
50890
6992
34341
2872
8820
24217
20002
17917
24790
6925
15026
25598
50171
30468
20513
27508
8923
34381
13863
28347
18847
50427
43275
47091
28035
35275
33846
36027
45290
9574
14808
1414
22580
34283
61
13007
14156
39985
30964
11351
47691
13639
50919
41798
4865
22146
451
43073
20918
24503
8328
32852
52295
14280
24607
37467
25088
47254
44442
48821
47764
5772
28023
15647
26123
3760
5690
3234
43029
22881
52281
4972
50835
17653
23374
27026
8514
50437
48112
11890
26283
3305
17972
29243
40815
8748
22007
28852
31033
31771
30147
14129
52202
51031
28212
18972
40944
53398
23912
36688
13432
52899
52425
43644
50328
2361
9315
25362
40276
7951
26643
45070
10125
42056
27345
38828
22797
16766
10569
38692
47666
1721
53416
40154
35000
32596
6880
45714
50422
8899
35108
4781
16891
9622
42645
41912
8549
27713
32353
41936
20374
20272
31505
44904
32065
30530
26043
6289
2111
9471
49971
32662
33571
34489
15407
27032
18425
32818
482
33161
11468
8178
50520
37013
14300
12119
38663
16682
2519
8159
22921
9892
43780
14138
36318
27241
37325
3590
45694
50551
52585
3895
31408
43328
50776
14435
44556
2112
25866
38234
7882
35522
20772
28814
31930
31606
51004
42664
53421
33472
50470
2012
18257
19497
31677
36020
45037
39608
9255
22183
31269
19351
31045
3512
38500
19373
52212
44814
4706
52595
10360
21333
51920
41059
28531
32497
26658
26469
5343
28073
34706
3647
49874
50026
40007
26389
31111
660
11076
42722
3447
32212
24289
1607
39976
12861
13551
6560
1101
35377
18748
4192
48698
25275
1100
8197
3361
11010
2335
32368
22077
12851
8546
9977
40747
51648
1997
39836
34645
29032
53394
29027
6434
18526
31852
48152
45093
5430
28886
47158
10538
39735
51144
16784
20198
37357
50628
35708
11591
43951
47921
2808
1665
50396
36977
30848
2976
34883
21737
32945
18701
8149
15874
50968
21997
44761
29790
12762
41280
33056
39878
16438
52337
35382
45422
4266
19404
9319
52301
26678
23074
36106
41716
28031
43897
43218
49324
13839
7075
32527
49113
39485
25395
15534
30884
44237
32486
26939
22106
26888
49432
20786
43354
25451
28517
48129
1379
23400
16325
42888
16270
23697
2256
26211
129
48414
33129
33285
37650
12361
34110
49354
24663
31381
28632
13874
2721
19480
31581
42659
51817
11095
15787
33422
16034
19322
43638
3182
14653
8855
36373
15789
23890
1538
10460
46191
14504
23214
28151
9410
22107
37301
42488
44178
28
44614
20549
15161
30131
10433
25876
41072
46599
48080
21732
45029
15820
45125
28358
9751
48066
53324
34549
45574
27520
11283
22283
22396
10342
22261
36419
29603
52207
28858
42091
32979
20690
7711
51414
4027
24159
2021
12636
38660
14259
2022
29395
15992
47586
32797
46313
53141
22944
1571
20563
4842
2226
30711
4230
12121
881
42178
128
31318
13835
45464
34660
8030
32145
47740
12348
35845
1464
6978
12692
28311
43467
10859
28355
41555
31780
4044
53513
39731
37261
17922
22238
9713
23460
16867
30514
24843
12599
10714
50693
26342
49470
37833
3938
34374
33958
24162
50478
50942
42262
10030
53475
20542
37921
36952
18617
33024
44811
19379
24573
4371
41349
23494
41393
14840
28514
27610
12674
53641
41135
25950
15481
36993
6029
5022
35249
37
555
39166
51595
6818
6811
31255
23238
8952
36972
22080
14176
29977
7851
53364
47650
30781
11713
22664
24763
44166
18892
37664
20920
30825
8573
51356
32435
651
21782
8454
53316
21301
38191
2277
11542
19741
27296
36281
24973
8867
1684
41285
7050
43367
41628
30647
22091
7373
44180
9022
22078
25371
16674
11573
35060
12557
27904
53007
35566
46296
5499
38093
29808
31782
37807
40931
46097
28915
26903
38
35198
9815
51914
44408
34625
10162
13889
35320
3375
36491
15956
24484
48098
4648
49988
39374
40014
18322
45959
25342
15078
23702
19496
14030
22228
28910
4534
11384
22802
51625
11109
44889
36433
51932
30975
39349
49182
21354
35960
39461
1803
37625
37694
41765
47995
12460
7284
10593
45765
33827
45756
1355
47284
39799
26447
44151
8023
39211
14719
37052
39793
4777
13419
47001
41636
19531
42349
9272
50938
48088
8372
1396
41625
14316
50689
26891
7145
41018
31922
11461
10850
42602
45421
14833
29565
9557
30520
10953
43453
51821
11860
4937
4176
39469
44549
6320
17640
39295
24740
4531
21344
30361
1976
38976
19413
19697
10653
46333
20033
7509
4866
43443
23833
3864
50104
27079
43132
39869
24110
26064
37858
51208
34967
7717
33883
13700
39827
46993
773
24519
16911
4132
13389
50981
36684
16644
32311
28889
41975
12706
18259
36768
39106
36091
52430
75
33638
1430
30203
25338
11413
12457
38469
30642
18062
3340
44840
25759
34713
33821
47882
35212
13652
47500
23738
27902
22954
40346
19742
16447
38325
9239
6020
50380
212
17341
49876
51672
37725
9532
41537
45238
12364
53278
44596
18749
4224
15244
8656
9654
53687
41671
37225
18428
39704
32689
6904
7777
13276
20079
23219
18139
32019
23736
7239
5588
30918
25726
40963
23935
15813
41512
13635
25688
23358
41283
24781
12990
35019
33063
29946
41034
12127
26233
43898
20393
24548
5555
31533
43225
49234
26738
20220
39320
5901
11326
19285
46673
120
5714
35791
27317
312
6375
39596
35143
36984
24130
53050
40361
34183
5682
43241
14209
51724
27485
26994
26138
49263
33819
2285
5231
2404
8631
26056
29857
15871
21659
439
5570
43283
45653
42071
52402
34535
15901
39946
28305
45453
52338
35374
25843
378
13129
32799
31813
35423
29234
6979
5715
20530
12566
37748
36004
12790
23007
8449
587
25491
20343
5251
19181
22466
19470
18764
32461
48540
24631
28941
4113
6346
6168
37229
37399
1496
51594
40818
46792
11184
38063
28389
7654
44455
38028
43344
12768
51037
52360
32508
2183
39822
26709
37155
52449
25085
50754
44018
35794
38531
26760
22718
26287
28812
33986
49708
28552
40800
21827
20645
13879
45868
18216
14747
45660
51608
6321
52053
18240
11540
17371
12928
11632
40353
9982
43246
16369
23252
35025
5936
49163
5415
46012
25294
50922
11967
3414
46958
35659
491
6783
20135
45258
31824
21306
52591
34545
16476
15908
51706
44179
21998
25098
44900
27121
47504
50829
24624
50366
32727
4580
51750
31012
11879
6451
4704
6370
8376
51582
14741
24322
32726
1553
7744
6650
38393
2176
3722
50913
24530
25449
7675
29387
38090
43131
24135
42695
53255
48756
27007
52149
657
44399
18864
616
31831
4488
30906
24262
26552
9427
31680
22720
5809
37452
41514
11401
41031
19871
28905
14618
10695
10343
21989
16961
23208
10752
35660
19723
46251
45257
29569
2644
24025
33908
9366
42782
11595
12906
41810
23870
5494
1428
16523
10175
31503
19758
25048
52005
33511
24186
33604
1286
52784
47444
8936
20791
26546
38275
6531
23584
49089
52113
3865
2575
11823
5898
50848
32284
47712
44204
41904
25592
5601
18363
38900
717
7162
41414
167
53216
1788
30595
22581
43357
50704
44488
53455
24773
45087
9459
39810
53709
13242
49443
30933
14395
50662
45307
5482
23225
35908
39114
30864
24522
49822
751
342
25481
6736
38758
48461
24370
4489
46506
42156
12822
47116
6410
30269
38590
76
7638
29538
36890
37590
11221
17252
28691
38603
25513
10370
14665
11662
2249
1248
33369
15086
52850
4930
10134
43674
20608
10428
24362
36317
1790
28441
23015
42244
10735
1720
43079
18357
30692
26600
48087
21218
48221
48187
4757
26558
16692
34835
38556
3172
31241
53107
12696
9800
310
47914
28429
29956
53118
49362
44611
31413
17174
5166
23394
19764
17337
48351
19155
33703
48167
21595
29819
36028
28840
26293
7366
27328
1189
11501
368
43736
2716
41491
53017
26967
25354
34952
15685
14865
16227
4335
26900
6006
24136
30821
12037
12222
36485
26642
17036
53409
39814
45887
33261
30399
47958
46034
23546
14728
11673
29626
7040
24180
42689
1508
19020
52985
48686
44055
27748
27771
12551
30070
8245
8286
45123
9098
31569
45659
34643
1400
17437
28593
32493
20612
51961
53755
37343
17007
27840
12626
5421
26426
2005
16113
52771
49899
5237
50892
26335
1690
17349
45360
5728
30800
2202
53081
49544
27381
45471
53454
26567
7568
27523
41521
4501
47583
25638
46966
218
26623
41454
51305
23210
3021
31495
29841
47060
39400
8356
4964
48856
8602
2219
35264
13891
5751
32059
37294
47405
28377
47894
10404
4116
37020
7679
41751
51272
11438
13062
48682
986
16322
3096
49109
20704
32050
32645
26456
48977
47890
43888
32341
11464
16775
11422
46669
37819
45900
17343
8203
35290
27937
1151
43727
19367
30140
22960
39467
29529
11089
46536
3769
38940
20333
19396
18911
25383
43008
2447
24457
48026
18522
24241
27842
19011
673
37088
15340
1149
33132
40418
52041
29399
2079
19241
10169
198
17247
19154
23553
49723
27565
41374
33395
49301
32826
2221
30774
30611
21411
35691
41501
6295
36483
43342
48720
2445
50961
669
5790
30585
52156
8570
5141
41616
45566
36507
42290
47005
51852
52133
26902
23368
45232
40647
51346
15438
15737
7330
5349
53069
38636
12866
21
2387
52599
53460
41488
25942
11518
4827
41306
34132
6513
41281
4879
15793
51913
28440
40665
30534
5575
50972
30061
27259
3176
16079
38355
19332
4585
26676
48244
5730
9220
28712
26144
39917
35338
44306
50245
47242
11246
31837
38724
25758
4330
50842
8615
22083
37952
34430
14146
42873
27722
11646
42175
35332
25600
5085
48697
31898
25093
27446
44503
18156
52378
46867
18084
42688
45388
50140
21194
51101
45584
40969
42442
13200
18586
19149
27134
17166
23257
6440
46348
8828
38785
43872
35604
34188
16999
40930
15457
52692
31394
46169
27295
26633
1833
24625
3526
6488
28639
47988
48582
27524
22343
48203
45732
33514
49386
27734
45216
34237
8753
11824
51760
28207
5245
34115
52060
35252
258
26185
11526
9704
22823
33051
8831
29992
13899
42773
15428
46273
7278
51426
4779
27064
26499
52993
11635
43755
12484
11623
30148
36304
47884
8874
6084
48294
47369
3522
19309
9663
23726
46010
8921
47239
53174
5971
52920
14289
9899
2309
9537
6297
715
5467
53713
31553
42634
1900
12785
374
34502
37468
51964
26852
31728
33245
29614
16659
26307
47591
48427
45184
52359
11185
25053
9157
22144
31987
50556
49250
34264
34895
53449
7342
42141
24951
23539
17659
27428
11938
31836
41110
44551
2313
1716
13651
21940
8835
24026
29472
52608
1091
50761
34587
18321
17313
1027
32216
8903
23154
5537
47919
43651
16660
8532
18923
52478
11264
18035
27003
47597
37022
32430
7842
34710
28868
16846
15555
12354
43913
23835
17778
53414
24480
48861
1298
12958
30843
22644
32250
22901
1670
13984
45106
52943
21044
50727
34385
12144
3593
5278
16133
33888
17390
31586
48751
26310
46799
6935
21088
16143
48841
32627
14609
13347
37365
13302
14338
22031
589
11242
31288
4076
21881
40203
15580
31950
52742
13050
12552
34003
7293
17083
15416
13473
23926
44291
28764
51457
7139
23751
16529
46112
31194
16112
16926
24700
28634
28743
50939
39055
38142
32925
46124
12948
28460
49699
15205
33450
37165
12684
27000
53347
31908
16402
51299
36787
44613
39119
15633
19611
30628
23264
13495
5087
47687
48265
39336
14090
8409
19214
24733
3541
16458
15963
39139
42159
48410
20389
27774
53635
33019
23501
49640
15664
1588
24698
3467
6446
12743
12733
5539
37314
8505
47210
33084
26002
7731
40917
28859
1778
34858
43256
33477
23815
50458
45656
45592
3660
17029
34723
32905
14302
48331
47933
18671
12719
5296
12686
41541
52890
3257
5818
8544
25090
26093
45325
47854
29444
44245
49398
12860
11768
32343
26352
43528
26460
17199
36169
6823
10160
23089
14053
26674
17196
30813
32142
47987
914
34261
27505
40816
36088
11092
28463
268
51757
34965
6522
51879
51942
26525
27659
7919
52218
24935
49709
22001
15066
31517
16186
30828
44782
12899
38889
26583
8849
19788
23138
2909
32611
31308
20551
40109
11139
52354
31330
21330
6670
44615
33474
8243
21487
9397
24405
28607
19451
8702
11377
10482
24832
18703
46015
41891
19101
47317
14491
6662
29878
51833
44717
50910
42945
43143
47606
17515
33092
32344
47853
21950
43370
23808
4452
38745
38091
26733
209
42821
48544
49111
6872
39790
22237
24082
30278
40847
3481
34299
34220
40461
26626
6945
15281
5123
1207
50622
5142
21738
33872
52774
412
26108
16380
8052
29033
18578
22760
35833
21557
2727
8778
22264
14386
9058
52770
32956
34223
42483
51787
26039
20607
32326
7068
24385
50619
42436
51491
20803
39425
47950
2438
45043
46323
19471
48209
37911
18514
35076
42931
43475
38023
48160
3886
3498
25130
24613
4281
12383
24925
3529
28816
47820
45821
29832
36919
32375
50150
2990
20037
13766
29769
9295
18536
38872
38163
37385
31314
39272
43145
18153
19368
5210
2145
51674
25897
43675
24662
14416
37209
17714
41045
32985
45113
6853
52486
3602
17170
48994
34742
30758
197
16353
30878
52966
10932
4040
46774
35085
24358
43853
23556
16030
32315
10930
2351
30381
2235
5410
8058
38218
16964
13898
10330
53613
45202
47050
35862
28437
2180
3825
46116
10954
38706
764
45415
12570
51561
16553
5827
43136
8441
242
8530
33060
43214
12590
20395
5409
7511
41380
35889
2158
37523
39015
49678
51658
8886
51447
40690
34862
48106
15056
41002
2178
52069
22647
13245
21803
40112
504
30524
9994
14272
4207
46073
8733
46623
48429
11954
1289
51003
3235
16105
15954
46163
31575
45690
14400
21650
47838
40366
5139
39483
3671
24472
39421
33645
37201
42297
21868
51916
30698
9476
20174
7077
39737
37724
39508
22553
48603
32086
53014
18054
31826
29672
47256
1441
47038
35516
33854
43111
42875
47399
21217
6544
51614
10609
51630
52355
41291
25743
30568
13264
18965
19117
27226
23330
9278
6427
5849
4897
35127
27211
34023
22567
32957
12903
5261
52933
44751
35098
14946
52827
36476
17991
31985
42637
19245
11626
53122
18250
14815
44516
4868
9627
48642
33493
40070
27691
19083
43970
40950
8965
32264
28047
49841
53325
18124
48839
38621
21483
6600
1292
44677
34166
46457
37363
34817
8551
52233
13484
43024
12225
50387
6920
47508
52235
12735
53714
15319
42176
48111
21105
17373
10567
46937
47437
48946
28533
46504
4008
26753
17125
24606
12082
32729
22861
38427
52820
34242
24588
9192
22789
25008
18525
35622
35291
35469
50008
10281
21615
12688
20368
33268
33931
12910
39309
33223
30892
38350
3180
25059
48970
24189
6697
6226
3628
40824
13933
52413
16773
13791
13021
53151
51311
11190
15839
21764
18400
28292
36974
30161
13980
44986
48878
32822
20657
9908
40775
20253
36077
34456
25360
50800
40185
27929
45530
9658
13049
50092
28882
22255
28291
46645
27258
49252
13783
18391
18888
20782
8143
27489
3824
38937
33127
32639
46233
47974
15176
49964
45337
34784
15349
5185
14464
16662
42994
43495
43745
46922
53593
44496
13024
25347
25259
25826
27923
40829
21494
29965
45111
37461
9342
6604
39351
22575
33637
16298
22473
47815
11294
30417
23044
26591
51148
49677
15734
38604
21114
4689
18953
39892
43072
38115
535
34640
3378
31297
22067
30670
36272
44270
11210
33789
35664
27845
6072
4261
12651
20434
6096
29871
28320
37266
3463
575
8994
50302
46915
2761
17965
3981
26585
49414
32632
23110
42046
8150
44470
32926
49915
23090
26766
49663
37864
5360
8117
9232
5863
4860
28891
1483
53032
46240
30218
50292
35135
26266
51762
24281
31334
26150
36605
39913
19489
47968
50977
11479
30094
8776
31489
2891
30819
48958
50136
16739
11307
49019
13844
13341
12444
51893
32974
13367
34719
35318
19427
45157
38178
49054
35927
30695
52826
22660
6415
46512
15933
43341
47272
2860
8332
26323
43369
35316
45762
33376
8269
32266
42633
27190
34494
6193
51136
50816
29357
29737
12519
4426
13765
39074
43608
11248
7598
26098
6036
32183
50029
40526
53393
45581
2745
38196
38789
53466
26657
11698
10547
22103
44348
33551
43840
35305
19189
28400
25869
13714
29807
34519
33315
21594
1434
17023
32460
32754
13827
1564
45273
1102
33646
13186
12658
7234
3369
13677
6788
28869
29597
50466
25139
40416
4259
39521
29235
50640
33335
11516
39951
16053
43506
42549
42463
4803
20398
52641
34669
4878
37594
30849
17009
7096
9096
36410
44725
8230
13303
19811
19122
51321
2195
16997
4961
33348
23114
22044
6098
21159
13169
24448
32845
27120
44868
44750
15304
5722
23809
17661
25524
14347
13938
40246
11198
1393
35892
18040
2342
9629
440
4550
5150
5974
21760
25840
6625
44474
9861
20962
25147
36589
42581
20519
29272
14357
25106
10379
7634
31108
49659
4015
20917
24713
24100
39199
21701
12820
23824
27590
40576
8904
5168
5126
47298
25477
48572
5279
14762
32098
17985
47878
1554
45950
2937
3712
26044
35341
14550
25157
4057
40636
44333
46377
709
40458
4799
7387
50423
3978
4807
14675
45709
33372
47809
45646
3940
16860
13537
4323
4643
1851
47512
26464
4645
51779
13076
49647
21727
20999
3885
32805
49042
26636
51519
4080
34406
1275
28974
20021
9411
34629
2367
7971
4835
33775
12631
35693
48281
9840
34118
8959
39747
14229
11029
38431
16874
41660
10014
43365
7235
42153
22907
28137
13356
29662
16652
24510
1735
19897
47521
12331
8561
29539
36289
14427
51729
30473
28544
11314
10115
18481
39192
2430
26425
37985
19685
41422
14842
40791
7633
3033
40528
47735
44322
51056
44226
29018
51967
43211
34655
11020
34847
11021
14377
13568
49095
43606
9583
41439
34724
16750
39541
33112
3010
37043
53505
22479
6833
52779
13566
47227
12365
20338
39383
15462
52859
22910
38499
45852
7494
47237
22217
25978
48541
23949
47426
8038
14075
49070
37932
41479
41731
37200
23196
49296
43301
52278
6417
45535
36517
35816
12597
24922
18919
20626
13662
10305
16430
53705
144
11057
25971
21598
4285
19545
38632
12832
53357
20517
20692
39717
37271
38127
19659
17771
42361
48917
32203
31471
38915
7770
4974
5484
2576
45275
37904
10525
30815
6081
16177
4565
22903
6859
14569
23129
45874
4959
6640
14711
20148
14945
40105
17961
22973
24605
107
7262
6232
47264
24565
49614
43289
13699
18011
27101
11806
33965
7
21779
27810
8636
14921
6722
2973
50251
24450
42114
7383
42032
34838
28892
18902
19317
28087
6452
44383
37023
14816
43784
22311
31869
3761
6626
11558
21270
13929
35189
11835
3974
21359
20230
12660
1948
27091
43401
30887
21820
2271
27968
51235
14759
41903
9928
22252
49577
10074
13220
25590
39515
17631
41353
52741
18515
40509
3768
44916
41598
7713
2147
9599
6619
46391
24402
26324
2691
15052
40459
323
27300
53474
49587
38007
15132
48691
22872
23611
39639
28004
12852
20036
30552
8300
3995
10409
8009
41595
24038
41042
41897
48599
33504
43363
40054
49084
45880
51597
16189
11637
964
30939
2920
10684
24967
45826
35134
38415
15887
10615
37291
16167
24668
4836
44815
20788
13730
8507
46130
10406
45072
37123
3270
51331
8558
3438
49501
30719
30133
12151
11534
24306
48614
19867
23711
40984
14433
7056
7434
9729
15006
31227
3027
41122
44098
12944
25069
41203
14163
42099
22628
15627
47204
34070
35074
16251
14843
17698
21744
17824
23741
29138
52636
53731
22657
2139
42190
28287
15089
29724
34104
47136
21983
24356
43323
29771
28912
30245
4685
49833
42961
10306
16085
22145
47138
51400
50580
53327
32668
34062
34777
39325
46021
22832
38870
7804
9132
30249
17160
36247
2459
46503
26586
49576
47269
8728
12275
47013
26145
19646
20176
23479
11448
41277
42574
23559
1258
22280
16202
51118
3192
48117
49625
16786
36691
29064
39894
30025
53000
49923
26225
37772
31077
45688
21855
31000
33647
32334
29231
33396
48627
48193
8267
636
3264
23363
16343
50945
39752
20582
26016
842
47366
2671
13754
37507
17645
53405
8973
46899
5593
23111
15660
14379
39757
51222
29190
7072
43060
21757
52208
15756
47122
33658
50877
33921
12404
7031
39429
4722
48591
4882
17566
24811
49754
36891
1836
21076
45129
19969
30317
20854
13204
28245
37172
34583
9993
53275
48418
17638
15452
30313
12414
9201
20493
37586
26720
31449
3007
2613
48553
40
38824
20755
21580
40284
20878
22829
51379
14218
44450
2665
35122
32723
3678
26853
23723
194
36955
46726
7448
15486
30129
44561
28584
24992
9588
2760
11784
10381
4036
17781
23965
21587
20225
49439
48072
16831
49451
5851
45362
23526
45901
52485
52087
3600
18361
10551
43390
2413
46459
23482
19854
3570
50080
40660
24501
25675
50517
28987
37144
23185
48339
42299
46416
37778
42828
46167
28846
24199
21323
36857
45383
9941
18174
39436
33355
41703
18047
49628
34409
14819
50999
20234
32986
16788
3627
26974
9211
1345
33432
27322
1613
46761
31232
15303
23275
44960
22481
52050
2550
18148
25935
45503
40186
11622
41120
24818
14235
33447
15406
24808
40420
28156
42480
24042
47359
45118
43963
38335
30111
47143
25370
35734
45921
47640
42249
8318
38893
53579
43587
36391
600
26507
43837
2295
38786
49167
19262
53045
13604
34491
47313
17976
45181
49033
5521
47032
45625
27349
53491
52559
16247
7624
1946
44340
27579
40508
25710
12001
27640
6664
30097
39870
31868
28726
38871
8371
25910
16417
3226
3198
46797
6429
41287
38052
18261
46802
51399
9594
31941
26791
4465
31260
35643
7866
18574
33225
51696
48211
40613
12946
17874
18164
11022
1762
38257
28627
34235
45022
36445
8597
29029
4341
15715
36203
26365
43933
18388
47039
46588
11301
831
24365
23828
10548
7752
38536
10217
5089
50338
748
12108
34946
43899
30235
25966
35509
37184
12038
14835
19012
51372
12945
36979
24904
51032
2939
43497
17270
18360
19444
25580
6843
25619
37920
39098
27151
33334
32231
16042
19552
10611
51902
13678
53431
30633
23676
36856
49032
21008
52204
38372
20213
41405
22076
27249
43550
12668
44809
23382
41690
17844
26380
15034
23769
21747
19858
18885
37791
28392
41323
32154
36896
25705
34860
22803
1858
16729
40345
38429
4156
10262
47762
53101
17518
27933
43650
47972
5646
21543
47577
47872
4070
49291
26052
8649
46935
28030
23301
18244
48903
36387
50354
26231
14114
42968
13426
24004
36216
16719
37804
48771
21307
16020
25929
23132
1878
50634
50005
1511
30928
45198
28180
36425
11874
1111
47365
4990
15484
43911
30687
45294
13289
45606
16117
45944
41590
9280
33934
31142
29496
22633
6649
9422
44542
5003
2007
49121
12915
13370
6976
39667
41846
50030
45217
31160
35507
1940
41669
34384
31311
4386
36190
26257
4721
52440
14317
13091
40578
35850
31148
16390
43953
15334
16265
3730
20652
38300
36357
50091
7794
39989
5687
20292
994
26863
14697
27168
12493
49216
51438
16285
24054
18181
33743
33392
50487
26304
14337
39064
42137
28154
46246
23607
32907
47949
43071
5866
13773
8798
37080
30769
15253
16761
22548
1897
42661
6460
308
45752
5985
17988
3918
48278
13087
35328
14883
6301
35298
33544
9420
5861
17323
41530
33924
2705
700
30507
50141
45102
35440
34744
11685
39452
5599
13390
29562
15526
5032
44828
35167
37042
756
33117
3664
39848
2396
41105
42504
37242
31390
44173
53371
43171
20691
35258
42696
40952
37891
34728
17187
28520
15042
51860
1871
13802
3246
29611
31866
963
25434
8408
33892
1457
8988
20887
34474
32415
36220
2311
1882
2268
51244
10603
5930
8068
44111
18458
12231
52188
51841
53762
52756
39796
41850
40535
11180
9008
49939
53173
21522
19757
37669
39238
12741
6293
4809
3058
35339
34147
1035
31002
37319
42245
51797
19192
26997
22888
22165
48621
16437
43943
23080
42678
52673
48468
1779
4331
19582
8021
39604
27433
10917
6307
1266
35279
44453
51776
40048
21666
13944
43479
2894
29995
45423
24966
23990
35361
43680
1708
26646
25440
32584
35463
37035
5678
45595
2100
25857
37372
24802
28758
30292
22540
1873
299
8264
13372
27486
32780
19527
15269
50199
41169
6356
35359
19013
34580
22004
27228
30545
20518
11564
13528
19432
27554
23246
30962
44833
53581
4853
44531
28279
4396
9423
36618
16522
21108
32884
40544
35637
52937
28380
52254
49795
2246
22169
44416
22066
17289
39780
31847
38504
35034
5917
17116
9167
24536
38830
10272
24434
39434
19832
24298
39580
48525
15417
37177
38358
4226
41577
33615
38077
27107
830
35002
37736
8677
52470
40233
19264
52012
3926
29735
24422
9603
22225
51425
23082
37870
10123
20619
5299
30522
6937
6204
34323
45841
305
44149
22088
25761
4620
2198
26059
815
35045
22330
19227
52507
34889
27379
20654
44185
30193
39933
4729
18725
39769
30191
48768
38897
46927
4214
6591
17587
29958
8567
515
49393
15431
24861
45431
12259
32043
16127
50391
24403
25751
18588
19912
33186
34049
22335
26384
11194
23783
5968
23412
47403
53018
33398
21376
24954
25281
5813
34126
30930
24286
16769
47115
35825
40121
8184
6873
13820
21672
39246
46408
22259
24795
35329
37371
1265
49274
41254
47515
38317
44485
19111
9131
31991
36154
19620
166
31097
34333
3679
14429
26931
39149
29322
30172
2966
16230
22160
34751
53439
31036
34511
51540
42441
25233
4859
44281
25829
3474
11857
45001
1163
24389
11722
21873
9531
14330
9867
12930
38705
16413
46537
434
29344
42078
46495
51803
44261
49642
32821
18612
40337
31964
3868
44893
7430
457
39086
17857
9014
22115
42294
48725
42068
47575
52072
50326
35511
32016
37722
16215
5899
39159
15307
49267
4987
2129
37311
45556
20602
21174
14632
12220
4390
1646
19654
22710
393
5819
39638
33386
31829
23568
18170
47492
9402
32374
26334
46032
43769
41367
800
43586
10228
19384
10320
46123
52754
40453
28371
48647
44135
50926
8296
49995
30817
33220
28327
32744
21603
49907
18060
19461
14462
6954
47205
30737
38104
2041
40272
27547
4159
3831
43425
42542
39754
41040
43541
6374
23139
35397
12394
3997
25882
33470
15323
7504
16291
49200
52766
50151
34227
51409
49641
47339
51220
29489
9527
7391
695
20722
51971
6171
10314
43710
13916
37018
42228
4045
46786
44918
29970
50510
14678
9396
33666
5353
17776
3598
22184
18765
8983
11179
50954
31287
13254
33895
25521
40699
44525
4507
43686
48648
36557
34739
2142
42887
20595
9590
36862
6030
36954
30157
14992
26495
13949
27312
3297
22399
37914
34632
20362
43348
36409
14399
27710
13849
39767
12887
43656
6896
21224
48802
24330
49733
32892
41696
18819
2376
34251
20975
28644
20776
42726
30351
48785
562
50612
17081
21558
18416
46067
22079
4637
49028
44819
26250
18675
13179
4252
44988
6421
36147
18469
4697
30135
50176
18766
14625
1245
29300
48651
32251
53700
48050
13053
24067
51775
52037
5556
45613
42974
4028
30558
51906
37761
36456
8485
22357
52024
28667
22766
41607
31018
11367
21508
43188
1890
28926
27075
3962
15379
43645
1319
45177
37584
51436
20728
47344
16642
23920
4939
40300
18734
4625
42260
49558
15825
6352
22026
15180
42597
28897
27080
27195
52813
10913
25623
28487
41516
3178
1058
27011
7327
11876
10402
43116
20894
10947
49235
46596
50299
40898
45930
45799
1653
45344
31791
16639
12086
30772
2419
2504
27790
11061
3462
46947
19291
25154
32406
37572
19650
26569
5444
52118
20705
43191
27660
92
20501
6433
33721
38019
27191
50247
23164
21544
34517
45623
9943
31619
26254
8428
48191
38060
47449
35767
5776
7161
42996
17063
9929
12932
36799
43062
46473
14823
46102
17135
14582
43125
12034
11343
25961
36564
21358
17430
36871
34848
21755
17419
38829
46641
40537
9596
25128
32761
45449
48190
22204
39831
4063
7210
44568
496
45727
49704
48006
5926
23048
16499
52379
14782
32227
18920
16856
22046
49786
28682
36573
12583
17795
37579
4168
21326
8465
49344
43537
36069
6468
4699
12774
35820
51755
45007
48306
24382
2153
26427
35961
18984
24566
46785
32270
52897
45684
34567
21661
37297
15390
19354
24958
17971
45910
25489
42898
39251
39939
45430
41623
26896
45399
38159
10443
37599
23937
48657
39138
7289
50876
13231
4726
12423
14570
940
15178
34340
23407
51293
17077
29244
18204
22990
52590
28628
41510
32398
4435
22153
29096
41685
22156
46831
2389
20426
758
10413
10165
38762
22458
11332
41005
50769
18152
31301
46072
4037
39829
3444
7832
23714
38479
26689
14627
12276
16211
22180
31694
33282
7680
27972
15419
2405
35680
3619
22045
30400
31026
23923
33959
16016
52698
28470
27391
41011
11273
16836
51330
17342
15105
34770
12434
24942
31624
2343
39456
23136
50023
36053
36818
7451
23916
48270
30360
21769
7798
41926
22932
6660
19857
17013
21674
10182
4738
5372
9392
53331
45782
39762
33568
6716
11387
43435
8137
35448
954
26685
18836
27512
38914
12842
42200
12236
4429
6732
28670
723
29135
7438
711
48382
23618
49929
47281
20100
32170
32893
9919
26382
7588
35452
17409
29623
33709
52216
33144
22385
5653
37193
469
8601
42910
43164
28132
13530
22902
37662
40899
5082
19119
21905
4304
45040
8947
50884
11875
38120
14877
53509
9957
37774
46407
36959
39406
26415
28675
41509
45092
4017
45336
35335
33901
23081
10210
2346
28469
12698
48384
43100
19263
43065
45296
9121
43826
28648
30378
27950
49682
47998
19238
20255
39335
11964
23273
53249
41118
36874
51621
28930
7682
26169
30160
4185
27333
47834
42737
25823
29902
9772
40641
32836
30724
18591
46772
19886
33969
40869
8682
32937
36936
7028
7758
21979
40053
38324
10208
41389
35741
22313
33393
31177
39435
35014
8721
35758
4540
41797
43987
18234
46312
41917
26208
53241
37336
36715
40518
18449
17051
22000
41188
9679
29589
23410
21600
11821
49226
1284
7157
44949
47633
14634
49865
11597
18090
3146
19449
53562
20364
44085
31722
45089
5429
17609
8045
13441
29456
47188
30496
44985
5215
33441
50497
3374
48175
42903
45820
31375
21251
28394
40538
5344
21644
41990
20743
36701
18063
53631
36860
40885
3878
12809
27492
32080
26814
7965
10092
42317
41445
17294
50573
18018
7922
37846
52945
2162
17380
28343
8136
44768
46043
50434
45295
46168
28496
5016
22624
52140
38800
8643
51340
893
2970
2088
31827
1203
42561
27572
7199
46597
51714
30837
13770
8282
9151
13687
41151
16490
5066
39733
45478
44762
51138
39652
27940
1214
33044
27087
52923
2322
12633
42279
10309
39200
4209
39084
3200
46298
879
52622
42753
46154
15396
28917
32765
23413
50050
1935
45311
48991
51036
17479
23379
12849
2869
13656
42152
18720
50035
52098
42133
23471
27034
4368
36040
25872
2269
24752
39477
39629
48563
45222
26956
45390
11204
28021
31186
34229
6011
15772
13100
6990
27613
15301
28798
26446
47079
51898
52708
38459
44118
1629
40724
24994
11258
9062
33068
24979
2314
11754
36488
29599
21165
24177
41294
37824
34871
40895
28390
31157
333
3584
33091
41089
47720
42489
50645
26399
12869
43287
11051
19467
41225
35639
19476
18287
50741
30028
50425
11334
37009
44311
34907
52400
30942
14161
11683
49910
20968
34282
5327
12029
14006
10732
51166
49554
48849
46487
53104
25448
380
25447
19518
11040
52562
27132
45277
3432
10066
27601
40762
25855
26838
38754
53337
24520
30421
30282
38985
28603
28062
51207
14927
18249
16032
10577
27219
40275
29305
42026
21401
47030
1388
45206
19169
24939
34446
5453
19588
39195
23883
37842
3757
38516
32305
2731
25819
32325
5816
49805
49984
53406
39484
52167
43199
31520
7217
31942
17496
31089
27544
25436
13813
23440
966
32320
52398
50191
15893
6341
40183
48892
0
30107
37731
35046
32129
6406
53607
25584
28083
13038
18771
21325
488
14171
2812
2160
30985
38783
42717
33543
22611
29714
45674
48353
28878
51401
49914
43584
30090
30575
40290
21137
43099
13336
8451
27598
52905
24317
37877
4543
17130
51227
52026
32509
16349
2017
5005
28281
16033
14091
51659
499
3409
25396
49720
377
34974
39197
31648
22991
21832
6973
43611
39763
20725
53185
14108
18614
15475
4502
22777
8540
31145
21753
6412
25232
29939
3964
47438
24220
2843
7779
282
37683
46384
36548
11568
31902
12623
48936
36414
50762
47564
22796
34467
7276
4180
15217
796
36434
37498
26790
46795
14443
16351
24977
22440
3972
12298
43434
9897
41529
13361
14990
16567
51761
5729
14789
5483
38204
4870
17192
28093
9011
8181
16849
48620
34750
17509
15295
43229
49790
47424
21274
11865
12240
43779
50069
7836
37454
4571
10718
43019
26066
35576
16841
29784
40716
48332
3212
40874
42763
46220
28925
1042
28271
22451
1252
21039
33217
37524
28837
42382
29478
37838
43665
11985
12015
50775
13563
8844
41147
27051
34521
22626
23182
4615
20773
10841
10390
35475
30945
29685
36162
24261
2875
20175
11017
5230
11652
19580
4570
10803
28735
45389
22918
39787
36987
24667
2572
26550
17880
37415
40767
38509
38674
5621
30893
41132
41326
51545
13358
50024
32786
6291
39039
44701
12745
27605
46263
11287
7232
29396
12737
20269
18572
1225
6849
48597
43552
45591
31572
6678
10321
20839
13923
51204
43613
7481
16585
19829
28954
3008
21853
7001
24622
33274
47238
253
18829
47056
13408
23826
2283
51278
48149
44909
33844
50323
24806
1969
3890
49076
52256
9743
40473
22464
6170
15800
51073
7198
20648
15001
46889
35563
33317
19806
38564
22114
13296
49527
23446
27459
15355
29687
49185
44331
8811
15150
48635
51443
51410
38004
22154
10998
36393
13659
27029
3797
42081
7219
53563
3003
8145
52443
45794
52022
48458
40424
15436
43808
32946
10895
39326
2236
26424
45370
40204
22737
49458
353
24128
7347
18741
25258
18977
23613
15398
17092
3904
18270
9744
3523
45749
36575
42272
1215
40437
29196
50625
50641
27855
29776
4187
3486
44489
27849
27432
16643
257
28178
24845
45952
24537
45278
24219
6255
3315
17308
51161
52407
11512
4461
40819
7884
29163
40068
4277
49489
23183
8993
44695
47896
27493
14341
39950
25041
38369
28341
26204
34752
33835
38671
24313
43763
12755
46759
13262
34798
43572
10784
5111
5843
4956
23755
5423
19579
10253
43087
37120
32018
10734
21400
41099
2707
26851
41368
48282
36782
19997
42495
9006
71
20166
19709
41569
27791
19859
24941
48082
47044
26578
52613
43865
16191
35535
12318
16494
27673
4880
53553
50409
51080
36440
33634
10715
36503
46980
19883
19754
40277
1679
50453
17936
48369
52793
21350
24810
23092
35269
11941
13350
53557
20169
48480
19014
31867
11529
21295
3818
27464
309
16288
38140
36879
2326
3311
45393
871
33146
10109
44760
49828
11877
46923
18041
21894
1461
37335
17070
22963
46570
19956
19231
16307
6595
50620
26827
43758
38107
53158
13660
22941
44649
19778
8341
10877
7222
47883
43694
9364
18792
39653
5228
38029
51586
29283
10639
35751
14917
51441
16148
33498
48623
6691
48988
20329
41299
49416
6815
37750
20115
37692
43609
2687
50119
18341
10456
34125
31944
20515
13479
35923
34258
18944
32942
3516
2619
45738
44620
8374
44967
17588
49457
11747
42579
36115
43532
28298
52057
13335
38145
10619
48264
28809
38329
36617
49124
18833
27535
44703
32025
44265
26926
11504
30509
22378
14899
41212
945
52439
25468
24386
39298
22772
50165
24514
53083
27986
45413
4374
25173
18912
1700
31819
1108
38571
42934
48700
7708
24338
52941
51424
26930
19255
46977
240
43761
38584
10670
21869
27563
53651
39722
32118
46291
12295
19204
39715
35326
25349
18356
2951
1125
3850
51798
8861
20446
33053
37125
6277
51941
1006
7576
45822
1412
45190
18685
35918
26712
38000
38256
40809
25340
46100
47510
6376
16203
44079
22409
248
51899
50451
27057
25837
38922
48736
13906
12917
44898
17278
3681
20171
31105
20475
19151
4905
86
19198
14072
25965
29559
8439
2217
19008
30122
26758
43868
12152
41419
34834
507
40008
30012
6194
11572
5203
44158
9558
4095
4918
36443
30709
43319
42080
52444
41860
12865
16932
7085
51837
3740
53251
31698
40413
49497
37787
30879
19666
39474
36399
23104
13584
52739
12808
23127
7830
31585
30586
19995
3555
20307
2001
31576
43621
35570
36884
39929
49446
23157
18866
33002
53541
38373
51612
13483
51870
15550
36756
40926
42232
29445
25557
52459
21089
18608
14142
49635
31075
48040
53269
9327
11339
53571
12021
49098
18456
6115
50852
48992
46352
7569
49285
50294
30201
7931
39711
40239
12547
43204
20271
17316
2913
30926
20181
37495
21706
10748
15972
46906
29337
1099
9874
44756
20866
36009
25464
34466
30471
18301
18758
27301
15823
31113
20139
22397
50175
31229
50546
36301
37449
21296
13009
38529
28800
37551
48101
4042
46105
46478
34016
43748
53243
18603
21588
48889
21191
17702
50805
36798
31770
10231
22426
32471
41378
32664
35016
22682
26941
13452
27135
35534
41829
9764
36122
1332
49664
18372
22627
40226
20032
22232
6156
12106
46808
1458
13415
17577
42762
16823
43031
44625
50195
45802
1148
10479
24665
32397
2886
38809
16045
16853
39221
26200
11873
16190
31762
7999
5699
8493
22475
972
36565
42484
6774
5178
51777
18999
26695
22478
30071
4812
40306
7603
22934
37968
15477
37820
52110
445
23416
26713
23243
9176
15861
39683
24347
22189
22085
983
8563
42121
35317
7312
16524
8927
19172
17348
20132
31874
41209
45875
1797
4064
511
15696
38923
44935
9188
48883
18447
26175
3688
44432
13164
41805
20521
39906
10338
39654
34493
13308
586
36439
35547
14003
18299
49151
8768
29356
15940
20997
52995
32947
18147
34680
33632
34349
36208
28933
41962
23730
29566
44890
23705
28412
5970
31783
52217
14485
38624
51011
33833
50223
49187
8457
23541
47749
41617
1157
46158
46051
37705
33170
27393
41196
14851
17817
50688
49997
49741
53538
20828
43593
49944
1963
40091
37330
29583
5422
49993
21628
23562
3703
27663
10583
13633
5280
45962
29191
4983
4265
20590
41364
47490
4785
25868
47689
7641
6667
45341
4711
29843
49834
5193
35636
18088
13449
39408
40609
45160
48491
30650
37746
23180
42006
20528
52818
27719
40909
29277
6147
8391
40868
16588
39925
11187
22558
43744
31474
19106
39761
42658
37300
53302
41639
47994
3346
29938
14148
37800
48469
41092
13668
10497
15723
11560
40130
3306
40627
14019
46355
25957
53419
40741
9430
8116
49591
17088
44477
46001
16617
49932
48380
33711
31434
39431
8548
35554
20145
39164
10889
14343
45098
27484
41804
17481
28385
23599
34419
27036
37126
47228
2456
30741
48723
17183
14411
42698
25711
24873
12443
6192
1877
51888
50810
32801
34161
3622
3677
4359
22517
8537
52028
46616
15527
5805
7014
37400
27250
38650
24113
23131
19852
20026
170
46526
34546
3500
28130
29607
45242
27979
40489
1305
26403
20523
12536
51373
42533
30600
35950
45504
1374
40795
13762
5002
27450
42208
34868
26835
1733
42719
41216
28233
35015
973
21447
35512
9189
20638
6516
261
29741
8209
11039
11049
50378
47694
23777
33737
38308
36969
37937
4631
18688
21612
42703
29560
41162
6551
25746
27449
46794
11044
42034
30701
3692
45447
29822
27912
47683
50285
53125
37305
13363
31264
49683
14639
26544
47255
21830
26026
51407
28426
51149
6761
15870
4315
53669
34940
3563
23895
42877
26729
52547
16138
31127
13621
16125
40172
36423
8078
41726
17212
19472
13159
3455
14082
8839
23175
42368
4419
24985
15941
4854
39664
12791
26050
23284
7187
20157
17666
19147
6750
17832
48007
35663
40196
39855
13867
49358
50217
44877
20870
46331
7521
29909
46653
33816
34427
21839
4287
48837
32964
28086
51096
43312
5904
32295
42376
53187
17106
37264
8704
12474
9400
31074
26618
15944
41913
20435
11079
974
23376
22152
41465
980
14554
16452
11928
52154
1239
50243
22219
14588
24638
9547
48202
44501
52733
16771
24534
47495
45909
49862
45404
17443
48687
4144
24034
503
11780
15586
21482
16528
30927
7039
38718
2660
11778
32758
16965
26878
26402
50220
40569
33771
1204
40348
52873
34303
12132
34910
15321
17452
10627
28799
46769
27872
42187
13583
28128
5125
45951
47447
25621
12676
41647
25361
8813
8399
40972
32721
30123
20482
16165
10489
21164
16847
13497
8889
47587
3580
3039
12509
13817
31115
768
37197
48493
27694
7560
40519
53637
31983
24001
21924
10201
9638
52393
4825
39615
15970
9927
4021
42173
51571
8218
40485
7380
12426
9362
12230
25109
30130
25596
20678
37086
34714
25549
17027
1917
28028
5647
5569
29684
7772
41632
1524
1959
36438
38495
10520
3621
3829
19295
48383
27932
17475
52882
10254
156
52634
36678
21777
5726
30021
25503
42219
47539
9060
37603
37696
19032
3780
27423
7513
12646
50163
33937
28788
373
24748
20942
25454
48537
18026
52629
21390
37426
13004
9964
19590
18635
51684
43948
2703
29893
1802
16029
36111
46059
8107
32997
23511
13653
9367
42777
52534
33614
20121
37131
50969
32271
27471
43489
23914
19407
10860
9597
31252
24526
46524
45672
28449
41047
24059
47986
38760
7738
43720
8415
10518
46368
41606
33928
15656
37883
17927
1392
27834
18610
18113
23255
43010
30684
44104
46535
53698
35236
47603
42557
47058
23829
23204
8763
40062
42942
15918
34787
45687
42593
23289
21790
27425
13454
36745
33698
2101
46337
45100
16810
30707
18952
3365
11219
33522
35232
51566
51385
2359
19720
44825
2531
31268
33322
437
14901
22509
19383
5064
42287
12792
37073
48775
41849
59
5163
39877
48145
50779
48120
17094
9415
20554
3698
45349
29156
33884
43777
46170
52190
14928
10328
53183
32126
44744
16790
30297
3741
38620
43870
8141
16966
24732
16004
17897
17993
50797
13222
512
49336
11147
15181
27424
