3063
35733
23118
2027
35492
38740
51303
52384
19542
23646
28528
15122
1501
12179
18523
37616
50311
9549
51802
30463
17546
28867
18964
10788
39277
21607
32695
17555
17790
5945
11364
15384
45308
30830
11584
10304
51054
8305
8720
5874
11530
18004
11899
19593
29944
51143
49845
45163
32875
39479
30286
52938
13407
25460
19549
48210
7780
15858
6940
38787
29310
5037
8984
47292
15978
6963
47299
42389
36567
52307
31399
42716
15862
26346
12003
18446
42444
27822
50714
44058
15739
21778
16486
29736
37119
43194
178
28546
7435
50352
18313
7073
35159
25850
36441
49424
4127
41407
45346
37497
11785
34295
28699
14188
23586
18607
37238
32004
16340
21645
51789
15743
20459
12463
37137
25083
24738
41166
35064
48924
4377
47850
18079
52655
52447
1850
7615
38323
29667
38644
29063
31022
50578
25317
4851
9570
51966
26481
46805
34247
8533
17393
11859
12941
32673
26565
52623
34464
48464
43387
24579
24660
44390
8440
47186
20983
43962
4271
6242
10716
53222
46492
25161
23017
4940
34958
5262
52889
51669
14839
23749
5519
14291
41822
3133
3476
18138
8122
42622
16246
3690
15308
47607
17317
44364
14043
35772
32938
7774
22231
11957
3998
20312
27088
14613
10870
21663
25087
6138
33717
17344
4343
16970
49128
28955
6942
19259
46221
15443
1766
48879
53490
22945
47306
45816
6249
20366
25747
40025
249
30941
34888
18362
51737
29896
52175
49928
848
34973
49973
19954
46716
30327
53711
36260
26874
35006
24173
47433
8355
42171
42108
14173
21149
53630
13154
25781
50995
30792
818
41802
23847
24118
12400
33582
30409
50143
24376
35615
5307
26846
22294
22746
35050
9350
31367
19284
37930
8996
27086
11386
47041
16106
26599
11052
8491
2163
43450
28981
12773
17542
1005
45932
23458
37469
52744
26459
44722
17850
2263
21048
38599
21542
23856
22843
40031
7091
45563
34812
20514
31635
34420
53082
5359
45858
50067
13211
43303
44997
52271
3610
51857
16948
8527
17143
49277
12340
1630
51231
35254
50956
694
17881
49158
41809
44676
34380
11261
36910
26049
50536
30609
52093
5860
21772
5060
18982
713
37248
52019
6005
47034
32225
29721
45835
41269
48341
20410
38150
7953
3949
13552
30403
32739
50426
16582
49532
45279
13331
50787
47813
15591
36738
51796
13215
10905
18697
17350
36132
43977
1007
16235
42095
8582
44087
19544
2639
29443
2838
33325
52632
52280
48375
50642
28234
34148
11893
