7104
8885
6252
24183
40021
39504
1598
39962
5717
44253
28938
42985
53288
21576
40184
17449
23982
24894
19319
13074
18032
23981
11078
6178
24746
6608
5554
12508
19570
12
45523
10572
10920
17005
13194
18546
22547
48252
4483
51978
16068
46530
7938
48622
2960
4884
52464
51553
26725
47526
17994
50962
30718
15746
43417
12070
18375
44622
23992
48762
46069
28928
22094
4166
23527
36878
18226
38424
36404
42834
14177
12045
11086
38507
33997
7748
16205
26534
22906
32245
28711
47893
44280
27014
6328
40992
10510
3048
50657
16609
43300
44176
11103
20376
18365
23161
20076
11981
18173
38232
19817
4629
49817
33114
9925
13693
3016
42154
5379
10777
4692
14392
18808
8713
33415
49725
1485
53085
43161
34498
43641
17048
9425
40768
17028
7247
45356
41356
25941
49953
48030
33469
31414
48358
44102
27133
47231
15552
6066
28523
24883
35383
9460
39924
279
49254
18655
23801
4201
45345
6946
14748
43511
49165
24783
43649
29880
11651
24291
51341
9061
23310
20136
42545
51812
46840
18759
26186
41982
17889
17301
4284
47427
19601
9075
53297
36570
4260
44048
19039
26497
33611
36326
27093
42035
22375
47349
6334
14493
16748
23140
11428
40443
26072
32812
10058
33168
17384
29240
12511
20980
26149
31732
32715
24044
53468
7290
34156
37140
31061
34342
9377
36718
1309
52980
24011
17748
23633
41056
28782
21962
1155
49500
51883
31001
16275
17719
31516
34290
49612
12927
28015
21171
26570
26428
30717
46011
11641
16018
42344
28052
13523
52238
39968
33079
26222
14041
46842
15946
4149
11565
33793
51306
8661
28164
43349
46494
16520
17662
47270
1828
50862
40987
43206
43351
2215
52538
3028
28422
9852
44367
46845
22098
42163
11972
13760
52182
16397
53660
34130
42490
483
40396
20167
21840
1563
42447
52593
44796
52790
41668
39561
8928
50414
2818
30348
40721
17332
29680
31607
3229
7762
49689
32772
17095
13398
35930
40409
48641
18337
27644
20855
12550
8781
12584
8277
37344
5294
23331
18541
34793
12868
16561
8281
7476
38910
29247
3767
38703
9274
17990
26176
3412
42183
4154
2728
38252
21975
1126
19701
20879
45958
14032
48125
11913
21490
5762
1009
50576
45898
8166
40426
23850
7692
5080
29187
6075
28631
42500
34347
536
1254
41778
29037
46376
35530
17226
1299
37927
33774
4313
11355
4143
12555
47632
4732
26876
31900
45254
1863
15859
17230
25828
9548
16056
46690
40554
28018
37558
21517
31610
31756
39543
11050
35215
7440
14581
27343
27015
27024
17694
47153
17749
16945
51534
27988
25068
37433
19029
11318
6378
34923
33197
17658
49371
14360
43890
52382
922
30726
40407
52994
30755
25315
33401
6974
35806
11943
32100
32704
19065
5267
47693
32308
21643
9610
30181
22818
25245
39802
45565
4928
1652
46838
44708
15489
44639
42514
21652
45373
18386
29530
48759
4639
41410
36844
19125
10935
13870
50516
32428
39165
11225
21967
26418
31477
3478
45151
18530
15392
29674
3348
34286
53567
6746
19589
9741
30158
3338
35067
32302
27227
20656
3123
44213
41412
28419
20812
32916
32346
19652
2826
30966
36753
8897
44329
2106
11028
40301
37522
17721
28375
31792
32395
10141
53448
24141
18747
35725
20392
15921
41993
25335
15492
36138
52399
13860
14943
45473
6654
21566
35931
52645
53463
44586
9179
46622
20149
47867
43697
39344
6367
43109
35829
16107
12727
8526
37406
33027
19597
50373
21567
19641
25236
42004
26754
35288
43689
19044
24229
20350
49242
47179
40838
52931
43726
36894
41327
17001
36577
20047
14447
32850
4302
23958
27886
37589
45718
16580
47822
49819
42969
23865
41371
3117
43817
6196
20300
14954
18108
26744
13510
31901
106
20548
41466
26366
1459
33290
22826
47744
15993
37450
37980
4752
26309
2130
10738
23622
49166
36992
17739
52472
16877
23021
53282
8222
23341
14084
29365
40788
32299
23288
5191
31764
4791
38720
22407
26166
41700
24076
27289
39081
19519
13669
36305
4517
69
13679
34108
53143
31189
18096
25462
47814
34461
48208
2837
28446
27274
33163
44995
53346
35672
49426
50362
13205
9536
16619
53726
31409
22124
38470
3173
52247
37859
26562
20884
33096
37767
33235
36436
32967
39681
13271
40191
50656
49038
39089
52551
40302
48144
11843
46822
35408
2883
24310
4142
11101
38037
15111
37628
29199
39915
12992
6851
31486
4700
2474
30335
48068
9000
51788
31420
3049
47844
40466
7929
40728
12368
33295
29315
24269
20950
25038
51640
5045
6988
34408
32753
36347
44754
19719
3336
36113
5148
24311
32104
16019
7258
13182
29922
53632
24360
19679
34644
53272
47846
539
21177
10216
42963
37759
7361
18036
28677
35986
38577
38055
45077
28587
28456
12612
18838
15022
31418
49523
23266
3814
49491
876
17254
33200
5244
13014
37900
14405
12970
21288
50773
25517
52612
19763
31678
29448
36770
44661
49951
46992
12068
19737
46019
15409
42587
6237
3397
19729
24887
18471
4831
34005
21859
42990
42647
16616
16821
36660
23934
10845
50333
23563
37486
27308
12044
21050
2242
6119
23830
2974
38306
15496
22218
11059
49842
42860
32081
47864
52837
46269
7694
48216
48051
11317
37991
20746
11266
11661
8071
21410
1693
11291
37206
36133
36713
38662
39609
17068
35582
48492
38637
39582
10745
3726
24900
37614
15974
49352
9970
48060
13287
9330
38736
11891
2407
39003
32790
51038
3140
43155
13548
21976
9087
26318
13320
4786
50135
44052
22491
17432
4616
48595
1941
7671
33311
19539
42398
25305
14524
21915
22554
9971
28257
20401
19158
52863
6777
34248
13559
1352
24206
51404
7550
130
45501
10261
11775
12504
12329
39160
48349
11802
6824
8616
35954
42120
18592
21676
47374
39549
43814
31437
46486
47090
16744
44441
15759
42036
33538
39340
1047
38701
31574
51716
37057
16536
33716
36735
48685
1194
18910
49399
28715
852
20143
6779
16468
44341
23428
28995
3086
42665
18721
4858
37252
39630
35032
33374
45724
52685
1728
48455
40061
11552
34839
3108
44174
5710
26529
14035
10118
1213
28477
11535
49615
17554
131
6448
41728
11042
32455
26664
45498
13109
37642
24348
414
34278
45434
10516
49784
22719
23307
8678
2957
8956
10282
21649
27096
39846
42863
41121
33473
40709
30202
30880
6737
2228
50410
52377
36932
26152
40586
12087
43507
46299
3499
21722
46997
30593
38768
8635
28806
45767
33222
20898
16064
52658
7303
5149
29787
52831
49127
52982
47727
10071
13306
28777
39068
40798
10590
42999
35353
45680
44931
21436
33971
43965
53680
15347
3327
44382
34699
28020
53137
31904
45192
17888
44145
51155
14714
49094
32057
21670
49292
44114
33991
32360
49147
48219
49765
46741
48722
133
27833
12507
4563
31990
957
16267
22876
35366
25836
24436
23113
16974
7885
3711
45505
22596
5481
44099
47956
35668
24708
48581
39459
3288
32512
48445
21041
21031
32858
48873
8953
49948
31966
33140
33845
41173
4790
48035
49557
37386
11154
31187
639
27515
51765
29039
36893
6715
53091
29757
17053
25427
32352
3085
3834
11481
48034
27837
31410
9393
17809
10038
19331
25827
39620
47604
44436
17633
53163
36661
21121
33782
52448
51078
5413
13470
20022
51387
39670
47908
11284
22093
33955
10531
5657
25378
280
24846
29516
50951
47247
37632
19825
9168
22248
50225
32670
47430
23287
20799
32177
50012
1610
37481
18772
38698
34840
237
5053
27670
13795
29742
34307
22854
17608
16947
10124
4202
2051
28527
40111
43237
42142
5798
24329
48640
4765
7133
34856
44035
17901
32003
48796
28923
50262
36421
2802
6820
3914
8614
27427
29047
16897
17784
14985
10080
46228
23739
41111
48413
44938
32488
4982
37369
36010
42513
23313
44054
38638
32923
18316
7209
38242
26340
11252
39373
41180
44377
37302
40731
17680
27480
19670
44860
52842
35932
14045
52638
1880
38137
354
47518
15835
6261
41535
3803
34819
1755
34972
39542
50319
42380
32597
48024
40117
47290
47769
39557
12833
9753
18066
36080
14830
40568
42919
29060
14258
12687
11670
41505
10025
4839
23924
23896
10645
22995
11868
25333
11577
38597
20420
52929
30835
44718
30373
37923
49236
13340
18678
25773
3790
231
11737
19281
37711
50298
12104
51367
17227
28596
35704
51593
13022
2968
4222
11878
48610
11841
27898
11062
12046
13192
25674
14390
4000
28613
40057
14875
52227
25624
31328
444
25980
20527
8010
29301
37380
927
3812
51697
25196
19416
32825
37281
7412
13857
28534
2181
10702
43123
25757
42694
48688
9450
45142
13745
22430
1311
9433
5752
24533
40448
12512
41650
17139
33550
23626
35982
46674
13149
26159
43004
19623
50327
930
41049
25167
39180
8172
7669
5057
22417
5153
7508
46998
38669
8105
9566
18863
11606
27498
10991
52836
22729
26470
10623
49261
45989
42339
43862
1425
1695
27318
7543
20456
7761
9865
33980
50483
49823
18291
12214
36070
11930
243
49373
37182
13674
5536
35273
36680
4609
16066
8603
2237
14255
11197
23
53437
26990
13273
50406
19366
39571
39355
30177
34450
19095
47384
14649
33660
43442
15686
38233
424
46235
35517
53485
47152
36511
49482
16470
45024
14574
33975
18757
21611
19269
3967
27495
20123
15204
44404
34641
15952
36396
26597
49353
3858
49626
38183
18727
28538
180
46881
13729
46026
24236
37713
35274
25042
23230
18274
1886
40129
32419
23716
3457
9310
45844
8553
7907
9155
32088
14349
4346
36594
360
17357
10446
45488
40394
47563
31312
21923
17682
29556
24440
36677
34650
27149
25583
29621
43566
52451
2231
321
7213
24623
34315
16475
27892
29829
46138
9618
11449
11352
36500
43978
28877
28662
5887
7859
50167
15238
7818
43115
48183
4381
6408
48836
47502
40076
30644
10546
48829
28076
51683
37049
3265
2867
24190
4174
11706
30043
43192
34596
6666
53708
11935
6747
13474
34775
4724
29957
21216
4579
12863
9293
32590
11851
20485
20939
23010
38255
1242
11888
47271
7036
27999
37517
39695
32810
49311
52036
50205
27479
43048
2360
10287
31929
36298
50364
34106
49169
2084
20013
8978
11794
51159
30263
38422
28296
51171
19417
23689
33697
39864
25075
35645
5113
5201
44572
13676
32666
17818
45742
38404
32411
42258
47040
8989
14455
6778
39833
21240
14542
51511
15084
5888
33785
11505
36457
5270
30085
21285
6185
47774
28597
34246
40074
9807
3355
7414
47223
11276
27214
10557
29760
21444
32256
19975
10202
30900
26887
14062
49829
43358
9334
41882
31170
36131
30627
11837
19563
44303
13141
32416
10951
49018
47585
40536
16009
38533
28845
41065
51836
49583
34799
6161
1748
10794
15811
3971
39830
2026
15860
32469
29321
31417
8565
9406
32830
28924
6046
42938
52848
21322
38775
29208
25052
41324
22057
6048
1704
8490
10740
36405
40047
50874
10912
12582
13098
4554
36552
397
23203
32196
5334
38945
29311
2998
20503
20749
53128
4155
45046
22398
45132
18039
47742
2862
15509
16612
44499
44831
26765
5836
20642
7318
1811
15529
49767
43153
32741
20061
13283
13686
3828
33974
50711
43179
25940
6337
34316
44697
43823
33578
15812
28351
38411
43521
16074
46692
48176
24439
47745
13226
7635
23024
14393
27812
8884
18165
39957
49298
50784
50934
32970
21460
8325
20673
39292
49737
12797
8085
35584
24250
35152
51651
5464
5503
41799
46736
5480
29865
35021
40140
5077
36406
18335
23396
37799
31632
4705
21073
12273
20054
30435
43657
35608
24653
10465
18938
51759
14598
4558
9577
51412
31745
33860
47793
45120
17216
10824
20382
40967
49339
2977
34662
3451
52396
33713
31444
28254
23116
32965
49385
52309
12709
7604
24251
20860
50709
26579
27251
25544
12890
22361
42051
18381
8662
35022
28932
29406
19946
10641
35655
35276
2171
20360
5869
24709
29739
35843
10502
13174
685
13637
5137
11074
26246
24517
25656
20644
35347
11510
3276
26151
34137
51856
8816
527
47959
46086
18420
10385
37307
48386
37949
36076
28165
12960
19809
3774
31071
15905
21805
32811
37570
48523
5897
355
28916
45507
51732
38463
31376
37970
21943
39471
36046
886
39726
22126
8234
6101
1304
42624
358
33254
20979
21621
42197
11585
2373
16364
16025
35653
42585
44314
33086
38623
6489
4776
31295
2573
27467
30808
30981
40756
14332
8041
19816
42774
2203
46166
3845
17940
41994
42683
4716
49789
13096
30290
27414
39040
52557
9773
20322
48296
33898
46219
40594
3337
27735
23493
44464
17703
36981
22125
3161
24380
4030
44368
47679
15584
1758
15689
5065
28801
30065
6616
9236
16940
27477
4514
10045
8593
51818
28002
25237
39572
26832
11612
43799
37283
28317
16172
21521
16331
47953
39328
3433
9205
40358
30641
32389
24319
34331
48629
49730
17298
31768
38510
21838
12527
34698
1406
13334
2164
30116
27981
563
44422
9796
37414
15708
2543
13911
47368
48230
14507
25749
25932
8175
44881
49584
6475
21671
35959
48963
10393
20985
37059
44653
53343
8802
31937
50254
17207
37331
20643
22454
4069
21532
7865
40438
34068
141
13214
30248
34731
23843
42909
11380
40635
51882
43765
21974
16097
49412
12497
7676
37479
39713
35092
19129
17142
17256
45228
12010
8808
4097
44795
16772
29973
990
5619
1667
44008
45848
48102
23561
44911
50356
23748
41979
31109
31630
44870
20291
11477
39509
42764
20019
47367
30621
19643
23988
26673
10459
25918
24139
40893
42933
46419
25770
45947
10674
707
43077
35235
44177
42482
5440
28118
40561
11357
3744
14651
31118
35707
9001
9909
36096
11260
41588
50792
1342
49942
28598
16957
817
5821
8429
42697
389
38971
35139
27438
52061
15569
6723
39697
8761
45312
19399
43308
8815
12595
36864
27852
42481
13666
14199
30442
30512
22432
31811
29041
35112
24792
6899
51343
8246
50418
43398
28739
13588
34897
49012
29974
7601
8259
47934
17075
45293
14758
35402
51145
47300
11476
22089
40886
52003
40961
53462
21291
44879
40379
32591
31653
16669
45846
2712
32976
23997
46454
1586
44013
29688
13750
701
49685
35241
31603
1525
8584
17890
5108
32338
17650
36235
9974
6093
33705
43682
30995
51462
31507
36935
21783
49258
9506
48699
41100
16448
37571
31070
1034
5612
18460
39371
45843
12442
45002
1178
6392
10636
23884
13132
39440
5824
14198
19388
10727
5070
40803
17543
31546
8622
43318
7488
47517
33962
48196
5806
16677
12431
37306
53268
1650
52926
48374
42218
18183
356
30637
42632
49636
50111
17122
23555
34167
24379
50420
48615
38695
21150
5955
14391
11460
18914
18529
47904
22515
7852
42021
41600
13810
2972
12356
9226
13263
37888
26294
53624
14878
23863
30841
50590
15058
39087
24735
13424
5302
38759
9233
40325
5106
27352
19348
33231
44978
20358
50103
30120
21172
49431
9836
34454
9801
51745
15783
22616
51380
27358
8389
13636
25135
53182
27353
46982
44632
19766
48484
29432
51119
3325
51535
47466
8605
9513
18947
50565
32429
37024
52544
13410
24532
52063
44294
46150
42201
35548
42776
29424
23645
94
34336
7041
40913
17097
19414
12769
16655
38521
29393
16482
52200
1632
3917
18013
39321
9104
42798
47965
5918
44285
45049
41890
43986
48379
28134
12841
27223
22999
48242
13749
36967
12373
25581
39226
53764
15189
20863
5495
13918
35303
13430
23199
51736
7204
49494
6140
8943
49755
39196
36645
17872
6696
21734
24121
46141
2463
15559
15622
35601
30655
3320
36750
44522
25107
44457
31031
48557
10288
9637
6583
25685
33685
16537
6536
27367
16661
24234
30603
35835
14547
3799
1601
30739
48743
47795
10293
49824
44962
14861
22497
42075
3093
51701
45397
26933
19423
8550
9169
44510
23176
29349
39050
22068
11199
41108
24342
32644
29774
25998
11686
11240
2602
290
44866
7666
16985
872
40208
33760
23103
30211
13188
18103
13983
41163
1153
44381
16698
41213
3031
18620
43122
32248
46144
48148
20559
51980
19060
19053
39065
30232
45957
19716
47654
8302
4425
43802
10704
5361
44137
50690
20693
50448
5756
19272
10473
50960
33251
32872
32990
1734
6638
50539
46292
3255
11162
37107
42044
51028
45840
7985
4293
3164
16686
15088
29686
18681
11613
8236
30816
48005
7443
50695
25031
29050
17634
20778
13529
18957
20116
30686
17582
38260
26013
38882
53540
47559
49590
22069
25113
8821
1731
17339
20526
32598
39679
34900
12277
1361
26085
32228
23891
4577
42039
12574
9517
18551
51064
34238
8368
4676
1825
32010
19270
39552
8442
47126
9015
2554
33279
32449
10114
33062
14863
26882
24340
36814
16356
7385
40318
2040
379
41453
44936
13208
25019
14076
12982
8697
22839
5825
33904
35052
41603
36213
33004
2185
37707
23838
23197
38397
32211
7252
36218
20189
18098
9979
31337
7561
35118
41395
44605
20715
38874
1402
43168
45662
38206
24946
30896
50952
18282
31641
21342
38247
1439
50736
49920
53758
47057
52226
34339
3253
5783
19529
38099
19751
7205
25613
7580
50193
10506
14184
4102
40587
21713
37763
22236
8826
6103
48394
43248
29198
27622
8198
14334
28462
34421
35674
18789
52710
16734
37644
45770
14242
15744
33183
15194
39271
44157
52294
20926
52064
42530
19180
5488
44435
20982
28455
15027
23817
12974
36899
36237
9719
33468
19624
52594
40425
26165
49987
15296
11015
34460
53381
53108
18370
29455
14301
35308
38245
9684
10276
51926
8795
36767
49715
13719
40262
11872
43850
22619
43473
42741
41986
13928
35150
40787
22931
11992
35919
27021
28870
52252
281
1747
15626
4788
413
52370
26970
32516
22958
32887
30170
17754
24008
17217
38035
20816
16546
26986
35753
9352
34906
51116
52714
20137
41692
9009
23135
42226
23145
49011
11677
21142
46266
3018
32960
1681
1550
3957
21096
22957
39268
40722
53053
35671
36469
43418
29373
10713
3163
8386
7446
42251
666
19557
33190
45784
36615
38779
39832
44370
40642
33730
42255
46925
50224
2896
2631
30258
5067
41683
36063
7657
14036
3046
28759
15062
28621
12715
52290
10691
44128
29588
51734
1777
21269
5891
38076
25983
13034
37698
9698
9331
13927
15348
49211
30394
30498
13904
42830
21056
29040
43174
11667
48592
2450
40220
43018
38661
52452
42547
37695
23420
25810
18824
16798
35221
13547
4198
38926
46497
18209
26008
11399
22721
14384
47807
47287
37719
40527
11987
11933
10152
37152
29572
9696
3908
23086
52577
39522
9318
35996
29800
11069
37909
50651
18415
22600
23652
26639
53548
12750
43738
8987
15691
23491
36255
39181
33763
41198
42074
2149
39183
5443
10235
41792
47634
33391
26820
4067
50471
33431
1894
23378
34241
14119
19024
13037
19096
2851
23045
41012
32255
48471
21538
31053
18769
31440
14742
40564
708
29689
11001
16975
25210
28555
1809
21069
26105
17724
42331
17841
37648
40434
13365
9253
11263
18894
25928
38042
50235
34271
15645
32813
53626
46288
39224
6278
32910
21213
24442
5618
23324
23630
26328
38248
1643
12761
7869
2809
24337
47580
44670
9173
47414
47027
16445
22556
37056
51657
18268
31995
12299
48983
47784
47916
2729
26229
51626
15609
15043
30875
51934
12888
38385
18221
18715
38036
6657
36953
47753
37170
26398
6999
9473
35256
19000
49885
22194
46581
38721
13436
13422
24838
337
41735
46513
52116
38315
1557
19717
28805
23022
34745
17427
24938
22285
931
7726
47163
24096
22734
12919
18802
17085
5855
289
4680
2369
42685
47808
38087
39418
37430
9953
3653
3227
19913
27927
48483
36359
42573
28909
25071
53265
34065
18185
33526
39823
15070
20993
33434
14668
1296
27758
32022
8313
34399
47865
25815
11907
44837
18606
8379
27155
12205
10378
25644
21780
10215
35807
3168
15969
14671
16812
5337
7956
41288
50696
29505
18377
36275
38883
12053
4908
45972
35372
3808
42568
49363
31274
24595
21761
28536
39162
13175
24833
24188
22821
16075
37953
19966
35130
25388
31512
732
38131
48754
38875
26173
16649
24390
29078
20223
18933
42409
24932
5711
29241
38097
47354
47477
7915
7963
35124
9691
1635
17039
34734
30077
38034
28830
29792
16956
28822
10164
50306
27623
33861
53127
42001
7908
47357
34231
13354
8756
18239
31721
41207
27042
36314
42486
17304
1651
5542
24378
40557
19511
5594
15394
18482
7250
27071
19926
53303
43828
21870
50621
43268
22010
24157
1002
1843
7526
45305
28582
49351
21590
15145
12939
25122
51738
18817
12111
52639
7918
41775
19669
24538
18497
2499
6764
32904
35106
31623
17681
5170
42319
20284
33099
15718
36888
39858
15768
177
32181
23879
1087
37039
17959
27533
23910
4376
14530
51314
29422
13418
12900
38162
30977
3611
24470
3734
10617
22201
14932
46708
29943
41699
16933
22782
53646
25766
38179
30898
4649
45143
30904
3758
20662
40270
31403
35714
6323
51266
47861
14518
31204
22092
48475
31734
26556
24924
51503
43778
39128
8304
47525
43678
52162
52412
45196
43257
23052
2732
7562
11929
53622
11269
3720
25834
28975
10116
40213
3224
8241
11310
4016
35832
13460
15950
16526
42876
22791
53323
30924
2420
51192
33333
41010
46400
21554
17345
32296
19426
693
5892
39157
857
31536
88
14847
51263
18818
4986
7566
46746
26280
12578
51664
15650
32147
7896
40810
33408
32507
11675
46185
17548
15740
19591
11727
27263
53098
21620
51025
24617
29327
18745
38304
38946
52707
22352
16396
8681
19577
6826
13738
39392
484
49091
34969
29697
8871
40620
35161
26479
6105
24563
5181
20550
8743
43705
22050
375
47825
3589
23232
37989
21311
35609
48937
19128
23650
10642
41593
339
47468
8363
32041
51211
6632
10907
35363
43227
9933
21552
30011
15231
42234
19909
37350
36762
50009
18633
22670
24559
14190
11689
43924
42373
43374
35017
34721
14200
3727
53747
23976
31848
34457
25886
35259
20020
8610
14700
2752
4318
14310
13712
2121
31230
32528
11329
8456
27146
51940
25336
48406
27808
11968
16978
46345
8319
17580
31317
28434
32880
45745
46554
27401
29178
41442
7996
15662
40843
4122
14293
19895
6360
51904
8791
5792
5859
30814
5219
12131
297
47830
39771
37701
15964
5374
29375
46443
51437
6848
32581
16844
43494
30528
20481
34514
11457
40341
28562
96
41001
47613
50507
41945
9806
6868
39354
10474
14314
28540
52715
33151
45328
49597
38259
40169
29786
14339
38949
3240
19906
46041
48004
37222
8212
28384
9354
6438
44519
44397
44842
52584
6265
25595
15936
13968
16648
10972
6191
5466
9846
6526
22922
24620
8483
11703
35488
9285
53048
27745
30383
47821
20510
33809
48933
1817
9591
31746
32332
50332
45797
11107
37637
5915
16983
4848
37954
21751
23240
31598
14781
48172
3951
43580
48569
36706
38013
14307
41693
25391
20726
42167
30725
22178
46687
31956
29009
14853
34647
20210
50694
18917
46209
40391
16028
3266
34189
33586
35991
3225
39685
9783
51871
35367
21539
6714
26404
6207
52390
21461
24859
27054
36128
15507
2859
18434
43
20357
46999
15009
30035
9493
23073
9798
17370
37460
7778
49574
6983
43400
29328
42854
42058
11804
274
49655
26189
50
50526
23643
20734
31473
18862
39750
27584
27478
6744
37955
30223
29203
48476
28136
35705
9523
34525
32036
27320
48521
37006
9946
12758
28626
6090
1048
21035
36807
46555
35755
49738
2606
11645
27893
50370
35228
51070
11625
8327
48451
44769
48157
39585
41175
31346
32899
53062
21993
7651
32438
8401
1291
32717
50261
2500
48726
6771
5586
35031
42817
34836
29634
18320
5129
43254
30936
30510
32820
31846
42975
28284
53572
38365
157
35602
17460
51156
16115
6891
15060
23404
44248
23886
7771
25552
42132
22388
30257
44036
42784
12685
9036
51778
21484
36506
33693
10494
35894
43281
46859
35945
52029
24921
7849
3614
29982
17082
32176
2959
16358
26624
1315
2306
41079
28979
9070
37896
16673
29777
23509
33814
16487
32975
49230
9491
9847
36983
36067
12729
8381
36628
470
687
1377
46582
43457
49610
23429
35446
37784
6060
25652
48477
37235
42193
10317
737
21922
329
33798
48441
44216
5122
9326
13544
8747
1947
50872
34642
16359
1050
24877
51642
4291
22909
5533
53373
50077
28722
30785
26172
34638
7058
26587
25949
35104
30980
38262
5552
10685
21329
642
45486
53191
32618
15857
26803
35231
53203
15312
46362
5332
30948
40380
44240
3854
49021
24388
31853
52846
11834
8036
5928
6150
13818
2348
8266
29889
2074
36176
37566
41874
12618
25486
9413
13081
29828
42055
13685
5606
36769
47661
23012
23361
49602
43894
40524
34431
8739
24527
36335
48023
8545
30078
23565
2958
34437
744
17465
47488
48224
23414
34769
40817
22586
46165
17629
8146
42069
22614
10709
33695
21011
6299
18958
38739
46528
20765
11945
18293
7802
23673
2357
15564
6305
47151
11193
45355
39979
32144
25727
18130
41480
3637
27661
15069
14645
39536
41670
36447
37994
32971
17080
18344
4494
39595
6656
51252
45545
21664
17100
9451
3183
28247
24056
5465
29968
6371
51398
49441
46126
15332
36336
11488
28065
12614
42648
3504
5693
51236
15425
29900
34665
4895
24242
46430
36988
19724
10634
50234
5635
11371
14894
31511
23859
46619
32009
11226
37950
53186
30495
23152
32540
6856
22820
27945
31389
1200
29806
34741
20233
48346
41746
27905
47794
47413
35300
35730
51202
31205
46471
9215
1896
35573
50708
42967
10070
34355
16636
29874
34435
10127
53231
8262
14914
1369
45633
28570
46918
29226
8806
8334
24776
18190
31397
20039
987
14324
37214
53407
37756
12879
12579
38456
21014
17557
8723
16008
8251
7227
17401
24150
51524
52201
42970
1979
13499
52620
3571
2244
29162
33201
36800
49777
43447
47021
23791
28059
34756
30570
39235
36664
18909
269
44458
17395
38024
12170
28989
17563
49639
12085
24539
5274
9007
23531
9322
38482
13740
13097
53146
34512
18158
34623
7887
10258
42268
6236
39499
39874
6621
16583
22650
15343
46518
34121
48773
44078
44288
1530
38241
9082
6566
4403
2759
29745
53738
21472
24129
6845
47402
53084
38630
46081
21858
13851
6099
19283
14916
35865
12776
11932
12221
18191
6932
32949
6507
53001
8051
18028
49783
2993
39198
51951
1657
19914
35980
6128
45483
47920
22354
52288
50646
33210
47879
38228
7548
31596
51339
32839
22036
13307
10411
36840
4710
53071
16851
32399
22867
44070
52340
13202
45141
19594
14540
42880
7295
21693
31924
9281
6348
1583
49100
18493
22372
39424
32297
22336
63
20318
36493
53438
41139
17607
44359
32966
47189
3750
33358
17793
31920
43120
6015
1455
45855
21570
46052
41137
14092
20073
48486
32576
41071
13088
7735
51568
44984
25404
44642
15832
46404
20609
6258
16500
32347
12263
8177
53514
6672
50343
42146
29485
1437
48298
25632
53021
41495
36308
10098
42475
39533
12818
1581
2189
21480
24292
22607
45119
17491
4491
14930
13134
4479
24095
4977
5979
13798
24578
44818
6997
39217
3605
16852
6478
17078
39026
13375
24948
18409
4128
51741
48437
2887
34612
42891
42172
42652
25287
41788
17605
28879
13728
28148
3494
53114
20529
10103
50411
2482
17464
42311
25110
42775
20989
34157
11522
12634
36105
2844
17224
5417
9055
30873
9384
41404
47084
43990
27385
32690
30749
39502
32047
29354
34067
36925
44693
51152
44004
30075
44557
21955
50495
1953
25188
9793
34764
33309
39510
32202
50116
3291
35662
37826
50989
37387
47917
35800
1333
15965
36388
37607
31276
53476
13029
24423
44805
38174
2971
23427
20063
52565
44875
11186
4056
30673
18940
38627
4275
12477
45893
53315
9621
32364
17394
19080
5213
19002
7862
48438
51283
1783
23043
10475
19382
14210
47772
47540
21874
146
39694
11523
46035
23893
44168
30285
33929
51489
2636
21446
50618
2073
28612
50016
36696
11805
48417
35323
18435
19797
45534
11122
11730
17902
45358
1500
4026
39574
26531
28338
8618
43058
16124
32168
28770
32574
26035
51451
25415
22214
20268
2024
24927
47570
36746
26327
7690
50676
43022
51459
35505
45425
39586
1041
26491
9771
30416
8131
17544
62
8148
27975
31784
27336
2182
33531
16558
44940
11751
48501
1577
46359
29121
30505
6579
34945
47826
28016
41338
48131
30353
27278
38173
30736
51251
41918
47187
25089
5182
2850
38314
12959
42537
34991
36107
16559
3564
23994
11739
2735
2817
13025
47993
12705
48462
11720
50873
4253
53287
15120
8323
33370
28008
40170
22523
8362
36986
51719
27188
13463
50085
32288
19445
37332
16922
15842
16367
2684
9900
18476
35498
25554
12462
35696
38491
14203
25490
40113
49210
52071
19608
14010
38025
26331
31081
11521
28700
2661
44709
52553
27061
52276
16509
22449
14715
50334
39773
42002
34733
46678
31479
27689
16311
52675
34821
53542
16825
41377
6757
21066
4544
20266
12287
9065
20751
46861
45621
5090
10454
37130
51815
25499
42341
14009
4223
26345
23616
25211
35068
36163
23888
21468
12759
35467
10204
53382
45515
10405
903
9863
1407
37721
30060
36360
13270
29779
24064
43279
1770
19466
32529
51552
53590
30907
1649
36694
48910
26543
19274
20251
51543
5223
42865
5777
45110
51466
44088
15191
47226
25418
294
14922
17569
32944
17579
419
11789
42742
47275
4587
33758
53446
6506
26764
14422
1970
51495
14708
15587
24396
34306
8819
5124
39168
31666
49394
48746
37947
20153
49043
7825
49896
42084
3042
32238
13077
4099
29931
22105
17164
19142
9799
533
6819
30636
20524
4769
11404
18255
47193
18927
49003
19841
4352
30804
9224
4298
33836
9821
25969
41241
45615
20797
20676
42109
6841
26219
43337
27773
5906
50970
39092
1421
42586
52925
35449
34028
53307
41747
7940
4916
26614
53595
12200
46994
26985
3501
2434
46064
34002
40433
42113
19930
30174
22591
16199
36759
36428
52907
30537
9130
7507
13622
53350
4342
49922
29362
21795
41989
2847
10602
5192
14591
1829
10832
26143
17532
101
41999
28309
13440
48122
25241
30344
34470
25452
30213
20193
27506
18916
47470
23848
13184
33964
10807
43220
44021
21334
8037
3670
52124
18962
6809
22314
12821
52048
6127
44839
48558
29666
1183
44939
40983
41680
28913
37102
53517
46002
10532
40844
11158
11939
3335
12506
10472
51558
49474
38709
19941
15610
8578
38639
25838
1608
2870
24255
34822
51322
3705
37973
23849
51622
18708
53716
43845
41347
16420
45171
25663
17392
12439
32740
38141
21564
16595
36834
46959
13594
12537
1702
22828
25261
39531
16170
9097
51977
47736
5574
1170
34211
13020
48220
28785
22442
15635
35994
2805
36905
5400
12495
17892
31710
15380
27915
50868
45467
40533
29705
16352
51581
7236
21352
49361
52423
34737
25092
25686
45744
4404
42892
36760
18731
15289
2429
29447
8735
31660
52546
10959
47395
2994
45795
4392
37635
12502
19108
45582
43084
49757
28240
22908
8652
15412
15980
40802
5632
31649
35309
37938
27983
5966
34274
21987
18587
5169
35280
22428
28895
36602
40919
34207
27141
11741
6250
43972
17404
26557
27350
42759
14731
38489
16225
4596
50846
12283
20347
53718
13225
44927
13948
20060
47770
18334
37236
18595
33389
9542
39322
41622
12884
11129
7369
42016
51660
8757
23259
18116
22603
18010
35070
35616
12772
11469
52971
47474
11437
2906
26877
45127
21812
22281
30885
14974
42900
27569
27099
20397
47418
5345
9294
17624
14205
9113
877
8539
1772
48073
13374
51370
5233
38065
27297
34314
5229
4621
39907
49126
6245
20941
45229
12571
53205
17151
31133
123
18003
45679
48320
40971
47235
14936
44651
28529
12223
1161
9804
38753
6184
47771
27859
17387
30462
30756
35155
5114
29431
22551
15955
29251
19860
35775
38912
3191
43158
35583
36274
43263
45641
25571
37700
20432
17875
41753
17498
20732
2455
41250
14296
5136
41315
36863
44523
21144
15882
34602
15657
35297
45104
15879
8785
25055
2201
47029
11337
4693
53426
29575
27354
16087
25982
36958
35247
17222
28079
19584
27760
46625
51744
10274
24151
21477
2630
41862
17319
14575
40666
44043
36607
43259
27510
36839
46008
31636
30632
16149
33094
840
47581
14304
4345
22380
39633
16879
28684
40110
11475
30222
33596
7087
22750
41428
3873
33537
40362
20865
23189
23019
28519
40387
48061
20689
48520
45131
17182
24090
8966
19488
28444
25407
21084
49571
52160
52823
30392
30576
22788
35083
25752
14722
33280
21063
5540
22173
5598
52904
22546
45810
5779
43822
1484
2392
17185
897
18231
42423
9337
15079
19973
33399
2620
18317
28656
24874
44536
17012
52626
47332
41604
26940
1990
53077
41344
27802
2267
49693
934
1892
48976
45776
37180
18600
38266
53612
39559
26095
45670
22681
15571
26704
47345
4031
41224
23321
2950
27466
6041
11249
24080
38737
42729
31426
53144
12185
52114
46014
4356
30173
14026
2125
26153
4743
49607
40148
1838
37928
3943
1676
24705
3853
45239
32806
109
18285
23980
16372
39601
28158
13843
45939
17755
17162
23585
23665
10375
36199
31379
4389
13142
38594
53094
15030
22617
22915
26672
36013
48079
31156
45334
53042
2664
14266
40897
33341
46212
22529
38964
20853
47756
24569
7477
33230
33122
5318
27587
53486
36408
30499
52918
42700
12528
22216
43666
2571
10441
40439
39210
31450
12161
34954
26086
13518
21497
39973
52292
33005
22919
34375
49464
3820
43510
32654
15990
10364
4569
41665
49225
45703
1038
35831
30208
4901
26521
4802
22863
23047
6111
2945
41088
31353
21892
44502
428
12412
16164
52807
25478
40883
17203
16921
27469
1013
6518
7958
25282
13896
19856
46401
53123
7427
23505
25523
12163
2935
29866
50795
25558
22367
23535
1515
36550
32952
10662
34338
14902
46477
24993
16052
2154
35721
44929
53741
51194
30169
363
45815
36915
17779
20832
4472
3469
3425
49063
31999
12296
45508
1599
10310
32863
11621
21280
8194
2555
35321
12971
49531
7393
7564
44685
30547
11431
11435
51986
22654
18411
36873
50887
30565
3682
21609
4232
12648
32665
15869
31492
20588
28642
34614
24301
14097
16941
9905
7906
48031
13445
9048
47722
12894
17578
14298
36801
12624
1903
25308
39370
46783
15866
44961
49418
41053
15598
46834
18444
39551
38557
4325
30493
11527
36151
3709
17952
27004
12234
18527
36562
50227
17149
15605
53378
20091
45377
29340
21929
622
27924
53545
34449
26707
10407
26975
48989
21714
51811
30337
14703
12079
43490
15021
26818
18665
44060
31057
6497
31293
4367
33316
2961
51786
10207
38683
39314
11832
41697
51455
53520
51212
20809
51018
21024
10415
15055
13300
30938
49562
5886
21957
27718
18318
8125
23261
3482
13291
48928
41200
42555
11208
26922
26824
33772
43385
993
24553
23680
53037
29548
25414
30976
35302
46365
3261
43386
52362
25026
8683
53623
35431
38920
53418
32582
7170
20889
26530
15330
9893
31506
52652
47733
40654
25767
34575
30773
3364
19400
1173
16357
5549
20007
51974
28199
3154
40650
811
40573
1520
40637
34120
31335
51275
53556
32896
49206
52512
46700
7273
40597
52618
53210
11434
11419
25572
41425
18498
34905
7860
1853
4498
50672
21310
13634
11858
53277
18985
53750
50239
2136
6349
42397
4797
3084
46682
1634
47445
9614
50700
6930
19634
44848
2071
29130
50803
43866
35629
9508
19736
33120
24253
33767
6839
45768
30783
52045
6572
44205
5839
