22141
43392
15531
9671
48155
51567
19998
13236
20880
48580
21207
10168
6483
32625
28276
1344
15403
27586
32972
25334
5501
29805
20848
18846
4861
32093
7029
26834
19971
13496
23438
8287
48226
29858
15779
33723
10117
34552
27260
36744
46675
35109
45571
42479
33356
30038
774
26912
34300
32117
14935
51147
13733
50213
34208
10574
34948
19162
38670
8477
32908
13315
52020
36561
27654
37615
3459
19536
32881
7126
4633
2803
21453
25784
14459
49644
37548
52324
17261
4336
27629
23529
46437
5565
8019
19649
24161
39076
23899
3379
48869
42335
7821
304
21888
10736
39714
32252
798
473
24717
52405
53142
3077
43236
22508
12757
42403
32698
14333
38438
25765
13721
35719
3430
38777
49800
14776
21243
22095
34832
21222
49801
50644
10975
41787
4157
52567
10426
44905
48325
14273
28442
24416
51383
4730
26061
39209
20196
40743
46347
8715
39175
38904
42646
28481
47455
32838
27744
49101
29236
14999
45352
27575
34697
10189
28405
36957
4370
42217
43741
51350
12617
47558
35080
21179
6031
17864
25429
51130
37836
44024
31384
4976
46818
52088
17956
21942
39049
34917
45824
31452
13616
359
28863
24207
38886
12747
52953
43368
14590
45631
21341
24550
42797
50715
44509
38707
40937
41970
36586
20240
33984
4590
38607
46453
17030
12219
51602
13697
46642
11984
43013
50390
17649
31496
14886
40189
25091
17168
3316
15257
24716
32452
40659
12058
44680
18700
37333
36296
19878
47945
37812
17276
37853
50723
51989
52039
49649
3074
15320
25671
51526
33481
53445
10285
48742
5038
17279
16221
52183
41651
16544
23525
13556
27162
15017
37509
17104
47845
48258
28071
33180
7174
7390
16620
41539
6199
672
51547
27707
2598
5451
25514
39193
20661
52605
22623
49549
35089
11886
1460
1363
11243
33124
40834
41452
19556
31472
46186
10511
1674
44914
25345
14733
11693
3729
42456
24273
44092
48674
49710
28003
47024
48412
10073
20113
20005
18647
32657
20248
867
26237
14864
44497
23735
19087
9699
4422
30289
36101
37213
18252
8566
52466
19746
5396
36702
2611
46839
31977
39871
37785
49994
4012
48424
44123
48914
29091
913
26768
50157
7834
38796
21709
31119
47372
4078
34098
23174
12019
48301
11297
46801
15153
12989
4988
6773
34997
45654
30371
30771
44529
34616
24585
7765
24551
15821
33745
6680
9338
24435
29099
25635
22754
42185
7503
26133
12203
32679
1589
37539
26462
11274
50045
16815
35577
8845
51795
46989
12120
48593
33264
19152
12943
2574
46991
34951
35368
45165
36265
34423
11980
20458
48787
15336
13288
30273
53508
16005
29547
48546
7565
27043
33749
30836
44779
27256
19387
32649
36665
43851
48168
4950
7353
17397
3230
31092
11
23973
32870
14070
40179
3243
5938
8752
15703
28438
14201
53584
18499
18067
23167
25377
28669
46990
33123
53111
39337
23619
52468
3673
16454
28373
21926
43955
34610
31214
29183
40615
22350
14573
26316
23041
49719
37658
33735
32920
34350
29892
5225
36290
13832
6317
3794
29358
7712
41944
32366
21887
48901
49367
26833
30390
43485
35633
25156
5803
44993
13979
30367
19219
31839
42233
21392
7577
9021
24153
13987
11559
22482
16685
3004
24099
44958
20035
3366
53258
27095
10842
1095
866
34577
41807
23902
1798
14252
37645
39936
47331
25730
24943
31912
45042
42157
25816
17041
12968
26107
18462
40675
41601
30027
30833
41179
50543
39151
44461
6869
27342
19462
8091
45274
45009
8134
13324
47314
51915
34971
24288
19964
40520
36095
26993
30564
1329
9351
47954
24218
31197
12977
10085
51808
32917
12306
17158
8158
51912
11801
52625
16951
19840
10341
6243
5850
19133
21455
9196
4647
34932
7497
13815
51685
41552
49078
34019
4499
50072
43441
46172
6520
17866
32388
3796
38009
1818
20679
43536
39875
26212
33610
3562
48940
10414
38589
42352
13011
32906
2680
47831
20804
9474
19097
3569
32336
25529
53022
27430
27347
20359
53379
53604
38574
2905
13465
31884
30578
44644
26710
32658
4415
3805
45696
49455
29994
48634
7792
4276
30352
9813
20874
6576
22328
43202
10249
51919
39611
36649
46122
45698
33648
53012
51460
28872
12921
21639
8679
12472
33194
27650
7475
25201
13619
1336
3687
23852
38652
17453
35210
31455
16241
25475
48214
4054
19786
19411
43110
2174
8484
16395
33346
21370
34448
10710
8383
27794
49429
8707
46507
27361
38752
9592
44257
15356
42746
3009
27497
23433
6172
45101
11145
40864
3131
14750
27421
24296
48795
27899
42406
44187
36650
37360
4741
20219
27688
36975
26518
17512
6267
