28936
12627
13966
52799
27632
37871
42261
41871
44309
19314
10929
18954
22890
47729
21775
31758
43498
9579
41161
24712
46245
31272
13873
29209
22666
38788
45879
35628
50324
20631
42850
31558
32317
10339
28189
4573
39674
4162
46215
42655
926
51468
40649
10973
188
4495
10749
11047
51661
31152
946
27402
27716
14179
29568
21936
39177
44308
18542
5161
53746
12925
39380
706
24784
52343
13344
30228
9855
9228
46756
6133
35870
51481
43315
16150
43313
15362
5739
40639
25444
5944
13752
41432
7874
11105
3929
4978
39646
50682
47875
14799
14513
3213
34976
20025
8373
12673
37315
45818
35418
33805
36371
28762
6574
47716
21749
24176
49417
52482
33853
25739
16998
25989
40742
29193
50015
33359
50047
35550
23987
51549
47562
13360
29118
32728
24375
25224
7790
22955
292
7397
12895
41050
25912
38878
30665
46441
15727
44479
17091
33214
42560
17853
2536
31582
9273
15730
34154
34008
41235
35164
23675
36068
13526
49243
37999
35445
14165
8503
52366
53064
31638
16858
41815
40347
47282
25854
43794
24529
27818
9758
17303
5673
47708
31914
26683
37617
25278
12911
30333
7221
48727
8879
31695
33738
22761
47655
46965
31799
35401
21064
4153
39526
24671
38166
38733
42531
2694
5420
32568
27762
21682
7879
20469
20467
14720
34636
43891
27194
49031
29468
52038
12023
20903
52531
43605
49487
39789
16768
19303
5934
30342
16672
14262
52314
26118
30567
9898
6995
23770
15915
14469
51446
9264
37935
17684
4838
6284
29246
25990
39093
47738
52832
35764
10015
34818
17802
40134
38704
44737
5339
32193
49967
40853
15826
49837
18860
22338
1206
11218
39158
19506
33598
52100
4538
25650
39519
43076
41915
18223
43540
52067
41032
52331
1993
10537
39698
38668
28252
8047
18980
18843
49854
18783
45729
20610
25195
9645
36938
4642
18582
19524
22134
23954
2120
52148
46421
52179
39657
10545
8336
50944
49471
690
19984
8187
4654
37392
33397
4118
5511
13852
9868
8176
51650
34256
20207
41662
48568
10220
38890
10535
51900
41256
1280
25257
48945
50489
43415
21261
26305
38171
11035
6907
16811
43992
1912
1074
29102
21284
24433
53005
12091
36572
3586
43113
44514
46223
35422
35985
51316
48020
48560
10522
13620
28366
44016
11071
51058
2179
37653
27089
47836
17414
48189
15535
6187
23746
36985
3517
3020
45378
12742
9676
35354
18618
52614
11800
2743
15005
11665
6958
2657
29036
33293
20278
50399
11982
18093
26917
26867
34931
49413
15846
9252
15013
28328
21319
39051
32371
11084
25283
30831
9203
37905
714
25200
39821
36276
9178
25216
36323
29317
51492
28194
37730
17786
14145
40432
50531
35790
19197
19599
42145
21583
40089
4009
21157
19565
6951
777
30661
53735
36719
6445
14088
18653
34782
39234
42431
48801
17772
52128
2003
7356
52783
10873
24936
16266
43526
24248
51749
7324
10792
4688
26739
48166
25569
19759
27142
44130
26349
29699
11926
16800
27315
26401
39909
28724
35795
21831
36544
21017
56
31363
8725
46851
43570
21866
418
12292
16637
10943
31501
39240
22983
8062
44610
19297
28610
1506
37072
2061
5689
3254
40135
32119
11726
13299
1130
34371
20566
40826
46853
43023
9978
40386
50599
7206
22376
20074
25118
31785
28697
14452
39060
28098
19146
35978
26637
11394
23822
22793
42105
43416
25573
23188
5493
15372
40099
45246
14905
32421
20508
36732
49444
47574
9446
28856
26394
9972
39123
18430
10750
6814
32387
4646
11949
28945
49609
6344
27970
45381
15808
11151
11796
12661
26322
48099
23249
43380
38600
8258
29463
24825
33718
7195
21746
53704
21792
37689
