22141
43392
505
15531
9671
48155
13236
5947
5047
20880
48580
3448
1246
22786
44330
38457
48526
37186
6483
53400
28276
18228
50591
32972
36600
10185
10764
6294
24576
5501
18820
29805
39619
29045
20848
51308
50122
4861
16497
50674
25946
14556
19971
25403
39001
52773
38016
4709
8287
25
48226
33723
4968
21660
18560
34552
8645
13855
14924
27260
36744
26291
50172
24103
43875
13328
35154
30712
42479
45342
16481
745
50416
21300
10196
45974
30038
30006
16210
26912
45267
48905
32117
23200
14935
13733
33300
50213
34208
10574
48696
34948
24574
4951
13315
36561
15033
37615
31208
3459
38031
24499
19536
34749
32881
7126
2803
26786
36754
19872
21453
14459
49644
37548
48268
41125
9373
17261
43936
23529
46437
2907
8709
5565
8019
19649
39094
22386
23899
3379
45685
53621
49566
19528
17541
304
22064
20930
10736
39714
27013
30679
26782
14174
35349
53362
41744
473
24717
53142
3077
26812
9568
43236
46593
3684
22368
12757
9502
53399
50253
42403
32698
14333
38438
32853
25765
13721
17410
35719
3430
15651
7189
49800
14776
21243
2034
22095
34832
24961
21222
49801
17905
8946
3174
21980
50644
36924
52567
10426
14273
1761
41014
10006
24416
16386
51383
4730
38258
48356
26061
39209
20196
40743
46347
41587
42327
36273
29298
8715
39175
38904
4923
3151
26980
42646
17855
28481
47455
9040
32838
27744
49101
29236
45352
46039
43033
27575
38261
38092
34697
10189
32204
36957
4370
40776
47520
42217
46907
30757
39317
35224
14694
31183
51350
16036
8427
12617
31633
36599
35080
17864
25429
4272
30034
5342
28919
44024
42932
46818
24801
43286
52088
20961
26540
17956
27501
39049
15717
52758
45824
31766
31452
39218
47386
13616
359
43886
24207
12747
22717
12403
43368
43753
14590
53298
21763
45631
28864
21341
24550
471
28418
50715
44509
40878
48944
20833
26088
39811
40937
41970
36586
20240
9890
44647
4590
2764
38607
30221
28127
46866
17030
13922
32403
12219
34496
46739
39376
17112
46642
6762
24482
43013
50390
17649
31496
14886
33130
20633
17168
3316
16423
11166
16262
46155
15257
32452
2132
44921
12058
16279
883
23244
44680
7049
38845
10096
44169
37333
48173
19878
47945
5546
37812
17276
50723
51989
52039
49649
36695
47566
3074
15320
25671
51526
33481
12145
53445
48742
52856
5038
17279
50185
25483
22808
38421
16221
13073
40235
52183
25177
41651
16544
23525
37084
13556
18198
44612
29369
15017
29314
37509
47845
6533
8205
48258
3120
28071
33180
25274
44140
7390
12525
41539
39170
6675
672
7081
33761
15578
2598
5451
46807
7637
41155
21068
5992
25514
39193
20661
44951
11844
22623
49549
45922
30339
35089
11886
1460
1363
3801
35545
11243
34753
17565
33124
40834
15830
37717
41452
6464
26413
46186
29211
15103
1674
31518
44604
25345
52126
32566
5436
14733
11693
42456
24273
21829
24104
48674
39537
37764
32032
6217
44907
49710
39644
12499
28003
10106
38539
4247
50843
48412
10073
20113
4411
16444
38583
45044
20005
18647
32657
20248
44194
10596
867
28094
35706
26237
14864
23735
30860
49456
9699
46659
36262
4422
32001
30289
18252
8566
10843
11340
11165
52466
8669
40469
19746
5396
19877
856
50542
9830
37834
12389
7599
10194
31431
2611
46839
33699
7623
31977
12892
39871
48730
3633
49994
4012
5696
44982
48914
29091
913
39390
3002
35436
12854
50157
47731
43149
20904
40582
16861
7834
1278
31796
14633
21709
31119
10046
652
50201
36146
46800
24855
4078
44745
35194
34098
10966
11423
44741
39791
42203
14492
48301
53259
11297
46801
15153
37813
12989
52251
26807
9139
20900
122
34997
45654
30371
35899
44529
8915
34616
31523
24585
7765
22175
24551
12065
33745
9338
24435
7538
29099
22754
50342
42185
7503
26133
30410
11983
12203
1589
1687
51273
26462
17873
33288
11274
50045
16815
50964
18929
46248
49065
35577
7445
2332
8845
20141
51795
34913
53215
32044
10243
22873
35904
33264
19152
12943
27213
10178
2574
31634
41064
46991
22297
49545
34951
35368
2767
45165
36265
34423
27198
15540
11980
2443
20458
43848
50388
49067
13288
24029
43770
30273
53508
30869
35916
16005
6087
29547
11885
37115
48546
22008
1454
27043
32173
33749
30836
44779
27256
48571
19387
36055
19066
33464
35065
548
43851
37002
4950
7353
3841
12916
17397
3230
7856
42300
31092
11
40326
8511
15615
14070
16195
28756
40179
3243
18050
8712
29287
5938
40352
8752
15703
29967
14201
53584
18499
39710
18067
14562
24931
18935
23167
25377
50158
45499
29542
28669
46990
1238
33123
34337
44807
4177
51217
44115
30834
52468
3673
19525
21926
43955
7683
31016
9251
31214
29183
24643
28142
22350
26316
49719
11182
50384
40998
37658
16714
32061
2621
14181
34350
975
29892
5225
36290
27488
24670
6317
22817
37933
41130
32366
21887
10440
23606
24031
48901
22798
36380
49367
26833
30390
43485
31234
10678
184
25156
5803
49300
6908
42343
13979
53129
30367
50827
19219
32135
24511
24888
42233
3809
9754
21392
7577
15234
45193
9021
47177
13987
22482
16685
20035
3366
53258
27095
10842
1095
866
46737
40757
20817
34577
11005
41807
1798
5879
33179
19637
38952
49372
37645
39936
47331
12081
24943
42157
25816
12711
50270
25290
40980
9775
44979
44076
12968
6280
26107
18462
11596
41712
21801
41601
30833
6399
30422
41179
1209
50543
2049
47175
39151
44461
6869
22700
35539
27342
8091
43539
53413
45274
45009
27418
13324
51944
51915
23533
43760
34971
24288
27272
40520
36095
48085
34626
26993
34196
30564
18454
1329
9351
47954
24218
44606
16214
6806
12977
10085
51808
23241
50021
43627
12306
34970
9961
17158
24554
2385
15917
51912
11801
22476
52625
16951
32784
3116
8231
22191
1519
6243
5850
20195
862
41524
34982
19133
21455
9196
4647
38047
4091
34932
7497
13815
51685
49540
6461
41552
16194
49078
4499
50072
6568
39981
43441
46730
46172
46107
6520
25802
30291
42332
30597
18907
24120
10049
32388
3796
12077
38009
20601
1818
27568
40245
49313
18994
43536
39875
4365
33610
3562
34029
5218
48940
10414
27028
42352
38805
37936
13011
18983
16562
15339
53450
2680
43718
24341
19097
10831
3569
32336
25529
53022
18281
27347
34528
33741
23025
8189
16969
53379
53604
37659
49472
38574
31884
49334
37420
30578
44644
3088
33381
26710
32658
18350
49903
4415
50740
13672
3805
42498
19199
45696
7426
22112
49455
18180
17241
9311
29794
29994
48634
7792
18850
30352
30465
9813
20874
32868
6576
41566
16935
22328
50109
145
51919
45213
26503
5787
36649
7368
46122
45698
33648
53012
51460
41423
35841
18713
28872
47061
40221
12921
30044
21639
12472
14309
27650
32079
25201
25256
26651
1801
16271
13722
13946
48570
3687
23852
20852
20525
17453
28173
35210
31455
43238
16241
25475
48214
19786
19411
25331
3700
2174
8484
16395
12211
28998
33346
37093
21370
34448
40900
18
10710
8383
20449
28703
3032
49429
46507
27361
17606
9592
43339
44257
27539
44038
8385
16000
42435
42746
3009
23433
7500
6172
40864
3131
14750
48010
11931
40558
27421
24051
27899
42406
35527
29650
28088
28714
36650
37360
52724
29827
9112
6393
27688
36975
26518
17512
6267
2672
18034
