43392
17678
14787
12071
6390
21299
36184
1376
5011
5947
5047
27255
24796
20880
16457
30004
44371
3448
4454
25528
44330
48526
37186
51584
52473
6483
27993
32625
19609
53400
1344
18228
11500
51186
50591
32622
36600
7975
1736
20848
18846
51308
50122
4861
14654
50674
7029
25946
5500
13496
39001
23438
4709
28081
8842
30375
25
48226
3435
4968
52825
42144
43290
10117
18560
25603
8645
13855
48604
29136
25898
23251
10501
35109
13328
43842
12717
32194
33485
33356
25911
38057
745
50416
21300
10196
45974
12002
43554
29514
1911
32769
20365
16479
45267
37135
34300
33202
7699
23200
3179
51147
13733
33300
25231
51740
48696
39443
19162
8477
24343
32908
4951
52020
36452
9349
12632
24760
15033
31208
38031
34749
32881
4633
2803
44082
28331
36754
21453
25784
20885
47086
24907
49644
52324
9373
17261
43936
4336
27204
47657
27629
23529
52555
46238
49039
46437
13598
8019
19649
15230
19058
40770
41456
19360
22386
26884
3379
21259
48869
49566
304
29934
29694
10736
39714
32252
27013
38061
20952
30679
26782
35349
43634
473
24717
1139
52405
1590
43236
46593
47476
22508
9634
32120
12757
52084
52713
42403
32698
38438
32853
14692
25765
47885
8479
15651
551
49800
21243
47229
2034
27991
41426
18352
20450
6396
30596
32680
24215
2890
20956
8946
28253
5406
48930
50586
35681
3174
9505
21980
13819
5310
52220
12726
4157
52567
44905
35737
48325
10019
28575
41014
29629
2292
19548
36714
46303
1221
1756
51383
12134
48356
40041
3121
15077
41587
44537
29593
39175
44511
4923
3151
26980
17855
10319
9040
32838
27744
22244
29236
47818
14999
5773
32770
53308
19812
20375
46039
43033
38092
34697
10189
49007
32204
16600
36526
36957
46427
52600
4370
40776
47520
46907
43741
19999
39317
35224
5435
12617
22893
36599
50912
40658
2349
35080
21179
25429
10814
30034
51130
5342
37836
11212
51689
43286
52088
20961
49561
26540
28356
34428
48457
24318
21733
52758
40080
45152
8671
43403
31766
39218
16765
29197
13616
47754
359
38886
12747
33642
29174
15702
28864
35893
39278
42797
471
23678
35809
4409
20833
50617
16610
1255
40860
37951
20240
37015
4590
48158
46453
1552
12700
49297
40832
46866
13922
32403
30776
34496
37237
21684
46739
24568
13274
20618
9887
18000
250
17649
31496
14886
40189
25091
211
20633
32058
3316
15257
14890
24716
38381
599
33404
5634
26668
44921
40659
12058
44680
47037
38845
18700
24032
17181
36521
34686
48173
36296
37812
37853
46466
4873
34367
11400
13456
49649
47566
51526
33481
39760
48742
52856
17279
38421
39107
11809
16221
13073
25177
13438
28953
6888
23525
13001
30311
32621
18598
29369
27162
35344
37509
41095
39532
47845
45838
6533
8205
18243
48258
28071
22493
38979
13941
7390
9662
34667
39170
672
24897
11250
22570
8759
33761
46807
42783
26005
40305
433
21068
5992
2072
46893
44352
11844
52605
22623
14604
45922
11886
1444
43628
30588
1832
31917
40834
45212
13476
37717
44864
6464
31472
10511
8335
1544
32232
15103
51349
28395
6926
40102
25345
16746
17407
3729
13761
24273
21829
48848
24104
21959
18795
13318
37764
6217
10604
39644
25788
4247
47024
50843
48412
30309
5854
51791
4411
1491
46469
28825
51560
31132
10596
867
28094
48460
35706
26237
14864
44497
28568
23735
30860
49456
45537
22752
50692
12375
35040
41296
32001
34529
47066
13162
30680
10843
31686
52466
40469
22959
5396
19877
27621
856
9830
37393
38081
31431
52471
31977
12892
39871
31199
37785
34676
3633
5581
44982
27708
29333
913
9276
35436
24146
46460
50157
43149
20904
33435
38796
34024
41704
12352
37195
6385
49215
13237
652
2382
47372
50201
9117
36146
668
38405
44745
34098
11423
44741
19807
13485
23174
12019
42203
17723
51121
11181
11297
46801
15153
26807
9139
44852
44917
20900
11038
4988
122
33284
21616
30771
34616
31523
11462
7765
32281
39282
33745
6680
12351
24435
6745
23600
22754
50342
47259
30653
11983
40495
27926
12203
50636
22142
43669
11589
4876
1589
48249
11742
37539
1687
44822
22690
51273
33288
18929
28205
32711
35770
49065
51627
8845
20141
51795
34913
21118
8958
7249
53215
32044
14089
52678
22873
48593
18559
43961
35904
11433
19152
44925
27759
7783
27213
10178
15953
31634
22496
12995
22121
28140
51834
38795
35368
2767
45165
50554
2601
12637
34423
2443
22658
43848
15336
2409
13288
49174
6509
30869
4475
45237
15995
35826
11797
24383
19023
43272
29547
11885
15753
37115
22008
7565
27043
32173
33749
30836
25134
48571
19387
36055
26248
51993
47616
32649
41729
35065
548
20488
43851
9298
10022
1334
31971
3841
12916
20937
17397
29048
44765
47874
47912
6699
2864
40326
41561
15615
28756
4944
3070
50521
8712
29307
5938
26274
8752
29967
3223
32939
18067
41351
23142
19803
18048
35966
23167
25377
12243
4589
23803
18242
28669
39337
32864
34337
44807
23619
51217
30834
52468
28373
45332
19525
6895
35125
7683
31016
26406
27667
31214
29183
878
22350
4019
23041
22467
19918
11182
50384
40998
16714
33735
51284
32457
42811
41284
32920
5225
27488
13832
24670
3794
50484
13166
27105
32459
15897
41944
43102
19960
38230
35955
21887
10950
10440
37258
36380
31235
35763
46793
22853
13125
31234
34281
35633
5803
6908
21860
42343
25862
30908
53129
50827
19219
32135
46275
24511
31839
38368
45193
9021
42360
47177
24153
13987
11559
855
50216
44958
20035
53258
20379
51532
1095
7964
18195
29648
866
46737
40757
27364
33985
6659
34577
17111
11005
23902
1353
27577
5879
38952
50791
49372
37645
7274
39936
25730
12081
12876
24943
31912
53335
45042
42157
25816
25290
49016
40980
17041
9775
44979
44076
38327
15592
6902
34298
40675
28139
32128
30027
29111
21770
6399
25387
30422
30050
33166
5592
2049
49106
31907
47175
39151
44461
31258
22700
21038
5823
25325
27342
46830
35294
37000
8091
13610
43539
53413
20511
45274
27755
53618
52967
8134
13324
49030
44375
43760
33988
24288
29024
26182
36065
27272
35575
42246
30359
42169
34196
30564
18454
36995
38133
26505
14305
16214
29897
1549
12977
19645
49232
23241
22739
32917
11745
42067
53073
37156
34970
45417
47837
9961
8754
24554
49749
44554
28638
15917
20970
22476
52625
32784
27887
51574
7621
3116
29326
2488
1519
35251
28719
41524
21455
9196
4647
37345
31280
7154
34932
7497
13815
6461
41552
16194
11513
20969
19250
4499
6568
39981
6279
7810
6520
332
27331
25802
31401
30291
17866
2115
18907
24120
18271
20560
32388
12077
38009
20601
23072
19030
1818
39550
4856
27568
22952
40245
10126
43536
23387
46452
38543
26212
5218
38130
38589
7546
40772
16562
15339
53450
2680
47831
43718
24341
9924
40958
13776
10831
39034
32336
27989
18281
27430
45800
32620
50743
40912
33741
17381
23025
50666
49472
24437
2905
13465
47939
49334
30578
49898
1566
33381
50160
16869
4415
18711
3805
26866
48318
19199
49550
11265
22112
15709
17241
29794
29994
7792
41271
1216
34565
27545
43885
18850
1313
186
30352
33909
40773
6576
16935
43202
614
11691
25921
51919
26503
51151
5787
36649
7368
46122
53012
35841
52062
18713
53044
28872
47061
40221
21639
8679
12472
14309
44681
12056
7585
41856
45400
25201
24750
13619
26651
1336
1801
11356
28436
24571
13722
13946
23852
44184
38652
13423
20525
28173
52283
21678
30274
31171
8535
31455
10989
16241
5796
25475
3295
48214
23878
19786
19411
29012
25331
42148
8484
9099
22270
28998
33346
35750
31787
34448
9265
38401
18
10710
27794
20449
28703
3032
8707
46507
27361
38752
26252
17132
37975
23280
15356
35915
23433
31093
45101
7709
40864
26051
7012
34412
40558
24296
33243
48795
28049
18399
53
53717
28088
28714
4741
52635
27688
24747
30676
26518
2672
33535
