14787
21299
9602
22176
51567
19998
36184
1376
9628
27255
24796
33263
16457
30004
21207
44371
4454
25528
51766
51584
52473
10168
19609
11500
50904
15403
32622
34351
19347
7975
32093
7029
42253
26834
13496
28293
28081
8842
30375
29858
683
40128
3435
52825
42144
43290
10117
48604
35902
25898
10501
45571
43842
12717
33485
40267
36726
25911
38057
12002
43554
29514
35410
1911
19391
32769
16479
774
47799
52054
9856
37135
34300
7699
3179
39443
38670
8477
24343
32908
50500
52020
22613
9349
12632
27654
10729
4633
44082
28331
47086
24907
1474
52324
4336
27204
27629
52555
46238
47388
13598
45227
15230
24161
40770
41456
19360
3303
19540
26884
21259
44802
5908
38646
21888
9454
34984
38061
43634
798
1139
51844
38811
1590
2581
47476
22508
32120
52084
34594
52713
14692
551
27991
18352
12168
20450
6396
30596
32680
24215
2890
20956
28253
5406
35828
50586
35681
9505
13819
10975
5310
52220
11060
46431
12726
30251
46364
44905
20018
36049
28575
29629
2292
39058
28442
36714
46303
2053
12134
40041
3121
15077
44537
29593
41714
44511
7797
14999
20375
21834
16600
36526
28405
46427
52600
11251
8369
41658
43741
19999
5029
11439
22327
11715
22893
50912
40658
47558
28794
21179
6031
10814
37836
11212
51689
18805
28356
34428
24318
21733
40080
8671
43403
35384
16765
47754
28863
38886
16931
33642
52953
40217
15702
35893
39278
42797
23678
48056
4409
1181
6272
30127
16610
1255
40860
37951
33984
53484
11427
48158
46453
1552
12700
49297
40832
1075
50668
14837
37237
51602
21684
24568
13274
20618
11984
9887
18000
250
26338
40189
25091
32058
29092
15310
14890
24716
599
33404
26668
40659
49286
47037
3487
17181
36521
1283
46466
4873
34367
11400
13456
52027
27048
39760
10285
1936
53369
10703
39107
11809
13438
43976
6888
30311
18598
27162
41095
17104
39532
18243
22493
7174
13941
22005
51702
9662
16620
34667
2741
12909
14755
24897
11250
22570
8759
50083
27707
33352
42783
26005
433
26405
2072
38538
46893
44352
52605
14604
22671
43628
30588
1832
31917
51428
21730
45212
49522
30103
44864
7421
2797
10511
8335
32232
51349
6926
40102
16746
3729
13761
48848
21959
656
13318
10914
29442
20124
10604
1849
25078
35837
25788
47024
5854
1491
46469
40431
28825
23105
30357
51560
31132
31943
48460
41503
28568
21060
19087
9705
22752
50692
12375
41296
34529
47066
36101
13162
37213
30680
23936
31686
22959
29873
52471
37785
48424
27708
29333
9276
26768
24146
46460
33435
38796
42467
41704
12352
22166
48556
6385
49215
13237
7636
2382
47372
38541
2510
42539
38207
50840
19807
13485
12019
17723
51121
11181
21616
30771
11462
32281
39282
15821
34135
12238
6680
12351
43912
6745
25635
23600
34624
47259
30653
40495
27926
50636
16607
24940
38688
43669
11589
4876
32679
48249
11742
53533
37539
44822
22690
32711
35770
51627
46989
21118
7249
14089
52678
18559
43961
11433
44925
46872
7783
18276
15953
22496
22121
51834
38269
18263
50554
2601
12637
20822
48787
15336
1855
2409
49174
6509
4475
45237
15995
35826
11797
8596
24383
19023
5785
43272
15753
13219
42556
25134
51993
33673
47199
32649
41729
36665
9298
48168
1334
12092
31971
37389
20937
53132
44765
47912
6699
2864
32870
41561
3070
29307
25313
28210
3223
32939
23142
19803
18048
35966
13878
4589
18242
52046
28950
53111
39337
32864
16454
28373
45332
6895
35125
36313
34610
27667
9720
15074
17146
40615
878
4019
14573
28034
14236
33735
36841
32457
42811
41284
22936
50484
13166
446
27105
32459
41944
43102
10950
33038
37258
31235
51947
46793
13125
34281
35633
45596
4096
25862
46275
38947
46521
38368
42360
2801
855
50216
24099
44958
51532
7964
18195
29648
38149
6659
23660
47397
17111
23902
1353
27577
7274
53335
31947
45042
21549
49016
18346
17041
38327
15592
6902
40675
28139
21770
30050
33166
5592
49106
31907
21038
44315
25325
15337
37000
13610
20511
27755
52967
8134
47314
49030
44375
9685
29024
26182
36065
35575
42246
30359
36995
25690
45587
1786
46852
1549
34801
19645
49232
11745
37156
45417
47837
49749
8158
44554
39124
28638
27887
51574
29326
2488
10341
8004
35251
45655
28719
37345
31280
39227
7154
25930
20969
19250
6279
45872
7810
332
31401
18271
12640
37529
23072
19030
53493
22952
45650
10126
20679
32082
38543
26212
13905
38130
1343
20236
7546
40772
14736
47831
30915
20804
9924
40958
13776
39034
27907
27989
27430
45800
39746
20359
40912
29347
17381
24437
2905
49898
1566
50160
16869
21152
18711
11265
15709
41271
4276
1216
27545
1313
43202
47176
614
11691
25921
51151
53044
8679
14085
33194
12056
7585
45400
24750
13619
1336
47851
28190
24571
38652
52283
30274
50059
31171
16131
8535
24299
5796
3295
23878
4054
34276
43110
29012
12466
42148
15875
9099
26797
22270
9265
27794
37814
8707
38752
26252
17132
37975
23280
15356
35915
31093
45101
7709
11145
8674
26051
7012
34412
42810
28049
18399
53717
44187
24747
4002
30676
44863
