8885
6252
24359
5717
21576
13074
23981
3063
13468
38360
5554
13194
48252
4483
7127
51978
16068
7938
4884
30718
43417
35492
18375
23992
48762
18226
36404
7643
38740
19290
11086
22906
32245
42305
47893
45836
23804
2999
43300
17165
23161
11981
14579
49817
52384
40739
19542
43641
25941
10760
33469
28528
27133
15552
6066
7696
51341
23310
42545
46840
12179
4284
19601
9075
36570
44048
42035
46717
17138
40443
50311
9549
25153
28782
49500
30463
17719
28015
26428
22978
46011
14041
46842
15117
17546
13527
40478
8661
28164
52588
43349
46494
47465
18964
2215
47217
3028
42163
53660
3324
52790
41668
17332
3229
32772
49140
20855
37344
5294
53504
34793
38703
9274
39277
21975
19701
21490
45898
40426
6075
34347
1299
37927
18224
47632
30492
45254
19313
37558
14581
27015
32963
27988
25068
6378
40407
47412
35806
32100
15384
32704
5267
8351
22818
25245
45565
4928
48225
42514
21652
45373
29530
48759
41410
50516
32428
11225
45151
15392
34286
9741
30158
35067
28783
32346
19652
12146
19896
30966
11360
11584
39163
44329
10936
10141
38965
20392
45017
9179
43109
35829
16107
12727
37406
19597
25236
43689
24229
1866
8305
19298
36577
32850
11530
23958
47822
18004
11899
106
26366
34289
47744
19593
52472
53282
18154
40788
26919
27289
39081
36305
31189
47814
48208
53751
52876
35672
3173
13271
45231
35408
2997
6851
31486
30335
33295
29315
24269
21608
34408
32988
3336
24311
13182
31951
32875
52510
47203
37166
48916
28677
38577
45077
15022
31418
49523
29656
876
14405
12970
3634
19763
44661
46019
6237
18471
21859
16821
40551
23934
25460
23563
23785
37486
21050
6119
2974
7780
7694
26361
20746
11266
6940
29310
37206
25567
36133
39582
10745
24900
11891
39003
3140
13548
19056
9087
33218
42870
22491
48595
1941
48439
28257
19158
51404
42455
16996
15567
12329
48349
15994
42789
21336
43814
47292
31574
16536
14164
48685
42134
44341
35450
35032
27128
13406
34839
48867
52579
32455
4624
13109
34278
10516
49784
8678
27096
39846
31399
30202
15862
6737
21225
16064
52658
26346
12003
52982
50777
43965
53680
44382
53137
13787
17888
19308
23857
44145
19748
49094
35852
18422
49292
41458
40783
42444
22241
49947
47382
1076
6715
9393
10038
24636
44436
33177
36661
9660
52448
51078
11284
40771
51673
24846
30618
19825
32670
1610
18937
237
27670
38772
6263
16407
22854
17608
16947
10124
2051
28527
46766
28299
17901
32003
2802
21778
26830
25617
8614
41421
17784
23739
4982
37369
38638
30002
27480
3390
44860
33686
14045
40342
354
6261
1755
34972
47290
11868
34815
25333
11577
20420
52929
30373
3790
19281
12104
51367
178
28596
35704
51593
11878
48610
27898
25674
40057
26767
25980
8010
7435
50352
18313
37281
14113
10702
13745
3044
46674
50327
8172
46998
38669
9566
32136
12193
52836
21631
33980
50483
18291
36070
50476
37182
5536
25850
11197
19366
8805
34450
43442
35517
36511
45024
21611
12320
15204
42641
27282
18727
180
46881
35274
23230
42210
40129
23716
9310
4127
27868
45844
7907
9155
32088
16871
39096
26722
26526
41407
31312
21923
17682
29621
53181
2231
25508
16475
27892
46138
28877
28662
50167
7818
48183
48836
10546
11785
24190
11706
6747
34775
21216
50808
28963
50205
42087
43048
28699
50577
41221
20013
51708
11794
39864
5113
42258
14542
47774
40074
47223
27214
10202
9200
9334
30627
19563
32416
9529
10794
15860
32469
29321
28322
22057
22257
50874
51789
14194
21331
12582
13098
4554
36552
397
2998
40634
18039
47742
2862
12463
5836
20642
35844
28977
42509
43153
50711
25083
25940
10265
6337
52229
26823
15812
38411
40648
46692
13501
35821
38129
50784
32970
24065
8325
49737
5464
16663
30435
43657
24653
10465
17201
35064
45120
17216
40967
34662
3451
52396
49579
4377
35430
35843
21185
26246
35347
13317
3276
51856
53471
18420
35
564
28165
3774
31071
15905
32811
38463
39726
44746
46873
42585
6489
44726
27467
1697
3845
52225
48296
3337
27735
44464
40711
29531
45934
24380
6682
44368
1012
8593
9805
36674
53157
28002
21521
3433
32389
39765
48629
17361
21838
22953
8123
45493
8175
38323
19866
6475
29667
48963
20985
37059
37331
22454
8444
141
21974
7676
35092
38644
21491
17142
1667
23748
35132
31630
20019
23988
42933
42482
40561
25317
1342
817
15569
50022
39697
9570
42650
53060
25585
3326
6899
50418
38465
35402
23125
11476
41390
53462
32591
16669
45846
41483
29688
701
9974
6093
36935
46805
16448
1034
43483
45002
6392
9259
8622
33962
49008
1650
42632
2099
34908
15762
52109
40325
23253
50103
30120
20745
50252
27353
48484
23345
9513
50565
38508
44294
40619
35548
23645
34464
7041
40913
19414
38521
29393
36829
5918
43387
36967
20863
53261
23199
6140
36645
17872
6696
24121
35601
10288
9637
33685
35835
3799
24660
22497
42075
44390
5811
19423
29349
11199
8440
25998
11686
19078
30211
13188
13983
1153
10226
44381
43122
4271
8538
19053
12814
42756
5361
6242
50690
5756
31749
50539
22413
53222
112
3255
40753
4293
3164
50178
29686
18681
52709
29050
17634
20116
30686
38260
47559
32598
39679
12277
26085
23408
23891
42039
19270
7108
6635
8442
23818
48545
9015
14967
34958
2040
33004
38397
20189
18098
35118
12204
38247
18033
7580
14184
21713
14269
43248
18789
41563
14242
15211
44435
20982
23817
12123
9719
36920
35308
13719
15585
28901
4788
11658
27148
50376
52370
32516
3476
26448
38035
43893
18138
8122
42226
23145
32960
1681
39268
36469
43418
47240
3163
8386
7446
53318
666
44370
15308
50224
2896
7657
5371
12715
51734
47607
37388
41275
9331
12803
30394
30498
7628
11667
48592
40220
45548
8630
35221
13547
38926
222
26008
14384
47807
47287
11933
23086
31387
1024
52577
35996
53548
12750
43738
23491
2149
47634
23378
17910
14119
6439
23045
18769
31440
29689
28555
1809
42331
27303
40434
13365
11263
34271
32813
53626
7774
52375
22231
38248
47414
22556
2729
15609
51934
18221
38036
9473
49885
22194
10870
46581
38721
46513
38315
23022
24938
11822
37897
22285
30905
26363
20948
5855
4680
9953
25087
3227
14458
1234
34065
15070
2901
6138
16886
33717
47865
2425
12205
33557
3168
16812
7956
41288
50696
18377
38883
12053
21761
14772
22875
35130
49128
35172
38875
19259
45219
20223
46221
29241
47354
7915
950
18815
15443
29792
47493
10164
47357
48482
41207
19511
14389
46076
53303
21870
43268
22010
18817
12111
24538
2499
32181
17959
27533
14530
29618
51314
6249
20366
22201
21092
53646
38179
47081
6323
48475
39128
52162
43257
7562
10116
11310
13460
33016
44298
30057
26541
30924
2420
51192
41010
693
5892
39157
857
31536
249
14847
20244
51664
2218
36962
17153
11675
17548
8180
42038
51025
38946
52707
22352
39392
26474
26479
41290
20550
1433
47825
23232
41593
8888
326
29896
40496
9933
42234
52175
3449
6310
42373
35017
53747
25886
8610
32528
11329
49973
19954
9932
10239
46554
27401
4122
19895
37701
15964
6848
12016
53711
45328
19906
28384
48934
35006
5466
200
47433
47821
15415
9591
5915
4848
21751
41519
9504
46687
31956
14853
37881
3266
34189
51871
21539
26404
21461
36128
46999
30035
9493
17370
12659
37460
6983
11804
7417
20154
31240
6744
42108
9523
34525
12758
1048
21035
46555
31178
11645
27893
35228
48451
39585
37502
53630
29634
42975
46270
13154
38365
44248
22943
22388
2559
25781
1354
51778
36506
46859
7849
3614
32176
8183
41802
5529
2306
29777
33814
6343
32975
9847
36983
36067
19049
18376
49610
37784
25652
26113
37235
10317
12400
10942
1947
51642
23519
26587
35104
35231
46362
40380
44240
31853
6150
29889
16542
9413
5307
24755
47661
16242
23361
43894
34431
8739
11065
24312
45569
2958
23414
10886
21011
23673
5685
48690
6305
25727
22294
39536
36447
14892
6656
51252
24056
5465
29968
51398
14768
24242
9350
5635
11371
41375
32013
9765
1200
48346
44112
51202
46471
41640
8486
16636
53231
8262
40479
5283
8334
24776
24108
9510
53407
12879
42124
43431
13499
36800
8996
27086
39235
269
12085
24539
5274
46601
53146
7887
6236
45094
31538
44078
1530
21472
8491
13851
18191
30029
19914
50646
47879
51339
22036
36840
18690
24821
45141
42880
21693
23971
6348
1583
2161
381
11141
41139
17607
32966
47189
23458
43120
6015
1455
45855
48486
44984
53514
6672
42146
21537
24882
2273
27299
52177
39533
38667
2189
26459
5979
17850
24578
44818
6997
2263
33078
28828
28131
48811
41788
17605
51733
42311
48547
11522
36105
2844
17224
30873
47084
43990
30749
32047
34067
1953
35895
34764
5
3871
35800
17115
13029
38174
46961
12477
19080
19002
51283
19382
14210
46035
30285
2636
35731
7091
18435
17902
1500
4026
39574
30022
28866
42991
16124
32168
28770
26035
31635
51451
20268
51774
34420
35505
26491
5723
17544
8148
11999
33531
13433
44940
48501
25693
48131
27278
38173
30736
51251
47187
50067
50581
58
48462
22846
33370
8362
51719
35696
38491
19617
25490
26331
9027
52271
14715
3610
39773
34733
27689
34821
51857
16825
40825
41377
4544
25499
4223
39080
36163
23888
53382
45515
43279
49277
1770
5986
37542
20251
51543
5223
50956
44088
15191
419
46552
33758
24618
14422
11238
14708
34671
5124
48746
2278
32339
3042
29931
533
48047
53238
49158
30804
44403
33836
20676
42109
6841
50923
43337
41809
46994
34002
22591
30537
17877
13622
53350
34380
2847
10602
5192
28309
25241
23848
10807
43220
21506
26049
41680
28913
37102
51558
49474
19941
4650
46374
39248
34822
51322
3705
37973
3574
23849
18708
13401
53716
43845
1767
30609
25663
52093
46959
12537
16170
21772
19628
51933
5574
34211
48220
50868
37248
29705
21352
25686
40095
5104
44820
2994
6005
45582
27983
27141
29721
26557
45173
38489
16225
29887
5775
47770
39322
41622
7369
52971
49855
47474
45127
20410
38150
31166
877
41441
48073
27297
45229
53205
40384
40923
47932
18003
12223
6184
47771
47315
14910
22551
15955
35775
38912
49521
30403
3349
5681
22620
13830
44523
32739
45104
39188
29575
30132
19584
46625
21477
2630
14575
40666
44043
16582
43259
46008
16149
14304
22380
16879
40110
7087
23189
19972
40387
49532
45131
28444
45279
49571
29824
22173
1484
897
17726
52626
47332
35993
45776
22681
31426
53144
4356
47813
45300
3943
24490
1676
15591
45239
9045
13843
17162
10375
13215
20574
31156
5780
38964
20853
20850
53036
53486
42700
46283
27097
22216
40439
10905
39973
28543
26759
41665
49225
9284
53112
1429
4802
23047
30697
31353
44090
52807
36132
23505
2935
1515
14902
41776
35087
52186
44600
9809
40873
42095
16263
18467
4232
32665
52913
20588
14097
16941
9905
8582
21109
21181
226
25308
8901
32992
2978
44961
43759
18444
36982
4325
3709
29340
27924
53545
10407
40212
44087
33011
19544
15021
18665
24679
10207
39314
51455
47614
20809
21957
27718
33325
41200
26922
43385
24553
52632
35302
38089
25026
8683
35431
26530
20007
16254
18373
40573
32896
49206
40597
18498
1853
53277
6349
43866
19736
39021
11893
6839
45768
22362
30783
