23311
19334
52032
13160
7841
22273
33215
42638
47556
26537
25531
32007
13782
52274
21100
28074
28430
11365
53260
35239
8854
34206
4241
476
18814
111
27503
51663
9076
32794
41293
9822
10692
36311
27550
51508
17198
2144
36659
47141
43530
48372
22164
13493
23008
2799
22890
5468
36948
3672
1784
14320
13102
35995
40876
31758
51768
43498
20286
40072
39708
3143
28586
3944
11397
35549
44275
50236
52917
21147
33777
47698
33460
16373
21188
17834
35464
5450
17938
4739
18654
36152
10600
37232
10043
12247
19987
19957
8765
42125
21426
10676
1510
51615
34960
28273
13873
36179
34677
5103
42042
19996
30080
18199
11576
8764
435
6759
28360
8098
31378
32290
1093
45879
37856
11237
32524
18029
44350
33237
48534
43668
17134
14770
36207
21215
49449
29823
3903
42850
33257
25366
29789
43067
34169
14611
52819
46954
25575
26998
34716
17438
47172
31179
16892
52640
29715
5033
28939
45495
35514
655
31104
44105
20221
19990
44631
50076
25871
27200
47364
46733
17673
13826
15766
4443
1182
20702
19045
48140
30678
34649
40139
14149
14436
34250
33305
27090
9125
2832
46215
10941
30613
28447
24929
42655
51471
21368
45134
32776
53459
40321
53320
20721
52720
22500
46370
22490
51468
41363
40649
188
1418
24785
38994
27761
20262
30236
29462
43347
39294
36755
28005
39921
4393
11323
4672
33444
17783
946
16171
43162
956
52489
17550
31428
45330
27846
48739
35293
36188
34500
2506
46627
16014
30139
42628
53746
15282
38573
17191
14326
30326
38118
44384
12303
50579
22489
14172
25985
49630
5794
18619
10923
12603
40702
30434
30228
15126
41210
46485
52681
29751
44161
13816
3189
47036
46294
33000
15112
29147
40640
9228
29840
47307
26068
923
32440
21871
35870
47544
9262
3927
6681
48766
37535
37292
51392
26004
47935
25891
5508
19164
52268
52155
7590
9395
53089
44579
41218
21635
29202
43163
32276
45249
22437
35062
5944
13698
49918
49337
49782
49145
24163
29205
38043
32885
18668
11019
35473
39646
38413
32124
2720
26692
21080
45547
20438
14799
1118
24724
28367
20131
17089
12534
14513
26109
47184
22405
50020
47625
6209
11826
21353
9853
25916
8373
40066
41157
50355
53100
12673
14676
47930
37315
16635
32789
13739
38289
9453
40207
26104
29294
50706
12702
51215
12723
48550
4701
17973
24885
31316
12284
30411
50920
30207
51686
34077
35418
47964
53078
25152
7957
35129
11233
6574
8042
6514
40194
17324
5746
31989
6008
8531
41035
51542
6558
24981
44116
37808
15018
23515
2496
27112
11924
35612
25989
34755
2370
49686
36547
3383
52697
48831
9240
42243
33082
41927
7107
15646
19364
24673
52902
31032
22037
15478
21773
35974
36337
41158
9878
46661
8856
18729
14989
13360
17213
45963
45793
18342
7397
20507
29590
15815
50648
4320
23236
31366
41838
17067
26268
25753
53432
47665
51577
48782
39724
6685
15376
50368
4105
17497
35238
44691
13784
52886
40559
39289
14031
51629
34162
43568
33519
32354
47859
46406
30786
39805
23046
49064
11687
30665
39534
53411
7541
35963
30063
22981
46441
50273
17091
5206
33214
46854
7867
497
37577
34154
34008
26117
49536
25225
24689
35365
49556
5923
4958
11379
14876
39866
12518
7059
19774
537
15397
372
44532
20533
38156
9123
15725
6793
23443
36068
35874
2556
50114
10798
30366
1774
15824
36263
46231
41817
10996
16222
44849
17768
1556
14165
52366
31877
28216
9051
46403
45226
30048
40712
13150
17186
1796
38177
13006
44566
38152
7457
7181
38435
5385
26435
43078
42115
14709
11018
4484
18279
12459
47000
9258
3506
44773
35381
34063
28652
34081
41815
40347
42031
9419
44084
43794
39988
43292
38784
11292
24529
38901
24847
51362
3723
328
43274
4714
8962
3332
52997
45990
38219
49034
20218
47584
5673
47212
7705
38101
2190
47708
30338
37179
38144
40481
39185
39525
44581
33157
44563
21439
3766
11447
39073
14111
19163
39005
738
40332
12911
36061
34509
13268
19257
18141
31695
30076
11628
33443
16782
30156
53176
47214
19559
36758
44059
6180
2350
38837
26476
5383
45692
50809
34891
12410
49546
5708
9617
48180
9600
2689
49632
11007
16419
29797
50900
47531
38105
23767
39526
4932
49130
15629
33851
38733
46586
28952
31856
42531
30379
50678
19814
50208
34388
9991
51502
858
37133
34184
19392
44247
52105
36001
19478
14720
21248
34636
14693
2635
14961
18210
30704
35390
47924
12023
16548
28224
16611
43605
48942
19303
25530
29888
32981
1845
5217
31131
36034
1773
48071
6827
49618
16672
13033
4576
51334
21005
23996
11135
29144
3071
38990
7801
31810
11072
21094
25511
14262
40748
46135
25329
684
29217
23782
8314
22730
52374
19027
30867
29449
19509
15432
41436
49359
34955
41052
49553
20564
793
22394
51446
44445
14131
37935
12309
33375
39555
10104
4190
53640
15881
32484
22837
28831
22222
50721
10484
29246
23036
40644
42326
51579
50369
25990
8103
44014
46301
35853
51417
35764
12483
24998
5471
3783
46603
24361
49869
16341
26245
26339
40134
29264
6082
36571
1709
49967
50866
35848
51722
21059
689
26635
29035
41346
53289
43882
4329
18134
16845
51009
12064
24989
34975
1431
23299
19506
11056
53435
9550
13930
28461
15684
41091
34361
25848
48694
19635
17785
11138
31457
8164
20744
25235
17372
53201
19247
28773
31510
6104
31776
11346
43478
31743
5362
35069
35564
53568
43076
9371
33075
25844
41915
27243
21698
20798
20945
37963
40402
9546
10244
36624
34661
28334
41032
17966
16907
19876
45406
4896
42815
1993
28843
48964
46159
22480
25951
23974
7331
41487
23944
43172
30363
50344
11171
12300
46080
43679
52181
18843
34879
17560
5703
2986
30779
18783
24561
21545
29207
49004
27487
43108
29781
42835
3195
33184
5412
20610
51781
19286
23540
22054
38680
27233
43133
42007
50854
2275
36728
20399
48280
47088
36687
23211
3376
41416
2240
38932
33923
23954
33882
1955
16473
39809
46809
21175
30727
10135
38472
16317
20957
43138
40367
41211
41867
32278
25084
2530
30340
8336
36813
8283
36720
47015
52143
46321
48171
31058
22738
33208
47134
49462
10543
39085
17671
804
27324
48755
11550
18576
16415
16502
17486
34487
42426
8468
33067
20972
29466
36837
11925
44009
50206
9083
33397
4800
21294
20901
17421
48788
53383
47100
36581
26036
20552
14718
31037
53136
26325
8176
48638
47637
10568
47135
45911
26659
11776
31872
22521
13833
38277
3721
19232
44913
13539
36140
35728
36189
38068
2755
9292
40162
14931
14292
9692
24497
32817
20249
50046
44692
11253
665
48236
37818
44211
21261
29254
18797
3840
13959
13713
32229
14311
22868
11213
17056
48459
43992
34543
37428
2723
19082
2394
12908
22645
31047
29102
331
53005
9586
39404
7808
9204
45502
43113
30604
44514
7734
11391
3052
41694
49423
11016
35985
1103
17362
35607
29073
45481
39816
49349
48020
34405
39415
23434
48560
836
19944
2967
28182
40571
40760
16531
3122
26607
9606
39020
32565
15837
35777
25298
36243
9095
14617
16015
5303
45047
18602
4518
13863
13007
13402
14156
6961
47764
5690
20670
22007
50328
47666
16891
16549
42645
1860
49971
8178
3590
870
17414
20772
41985
48189
45037
9255
22183
19373
15535
26469
13551
6560
6187
46328
35382
36106
15534
30884
44237
44451
31381
15161
15992
39731
42262
19379
7272
36993
5022
22080
20920
30825
8573
8454
21301
8867
7050
29808
366
26903
3375
48098
15867
15078
44889
30975
15171
47995
45765
33827
45756
47001
1396
11860
33998
7717
4132
28889
33638
30203
12457
9532
12364
18749
15244
32019
5588
27376
28766
41283
12127
20393
11326
26757
5025
312
43241
14209
26138
34518
8631
25843
13129
37399
1496
51594
7654
50754
6321
2743
11540
5415
42639
49248
8376
24322
22305
14618
31480
6958
38900
43357
5482
4659
342
46506
29036
47116
30269
29538
4930
1720
48221
47190
6916
26684
4335
24136
53409
47958
7040
53755
17007
50399
30800
5751
30045
43888
52884
27565
17913
8570
51346
3176
25793
42873
42688
19149
23257
38785
34188
52692
45732
26185
15741
13899
46273
47239
5467
374
21319
45184
39051
1680
34710
30843
11084
48751
21088
31957
32627
9642
31950
13050
7293
40662
51457
16112
20953
37165
39119
8409
9203
5539
33084
25200
34858
11768
4270
36276
26460
36169
26674
47741
16186
45796
21487
11377
28713
9178
51833
47853
52541
5123
26108
9058
34223
51491
43475
38023
48160
4281
29317
31314
19752
32985
21365
16353
21051
8530
22647
15954
47838
17983
19170
30698
22553
26244
35516
35656
42875
4868
3475
34817
17373
46504
12082
38427
22789
12910
52413
41570
36077
25360
50092
1054
46233
40432
34784
34794
16298
1308
42046
52693
39913
6415
19061
2860
50029
40526
44899
13714
33646
12658
25139
21583
32845
27120
28629
21701
8410
6951
44333
7387
3978
45646
4643
50096
53735
24510
36719
422
28200
42916
38403
40155
8038
14088
11057
38127
21779
42114
34765
28087
3761
25807
15132
37915
37291
4836
52128
8558
3438
15006
31227
3027
34070
17141
29815
22657
42190
7804
20176
41277
51118
30025
28657
1739
842
51200
7031
41941
9993
21720
31449
17781
20225
45901
43526
23185
21323
34409
1172
1186
43614
24042
45921
43837
31141
47313
49033
27640
31868
28726
3198
38052
13960
31916
34946
10792
19012
19858
23602
39606
5646
1682
18244
48903
36216
16020
50005
36425
16117
52440
5687
27142
24054
28154
30769
13087
32407
42454
34744
33232
2396
51168
39360
15042
16800
963
42494
17084
32415
20275
11180
31002
3798
13944
32584
26958
5678
13372
32780
13528
9423
52254
38690
44122
48525
24422
22225
35795
6937
21318
31165
12259
22335
10173
42441
25829
9531
16413
27399
37796
3868
35511
5899
3275
26334
43425
23139
26660
17476
22184
18765
44525
43686
29336
36862
43261
31501
32892
4637
4697
13053
30619
36259
44610
18734
15825
28897
41516
43116
16639
20705
31193
31619
17063
46473
17022
25961
49704
18813
17795
8465
35820
46785
17971
26896
38159
13231
940
51293
50769
14517
23714
27972
53536
2405
35680
31026
33959
2343
5689
22932
48382
23618
9919
8601
15262
13530
19119
4304
11875
45296
28648
47998
29881
28930
27333
46312
41917
1284
44949
17609
48360
45820
40885
3878
50573
8136
31201
1203
9151
13687
33362
12633
13656
18720
2269
31186
47079
36488
12869
43287
50741
37009
34907
30942
5327
27601
14927
34446
3757
17496
30107
37731
52731
25584
29714
43584
46037
52026
31648
6973
15475
50465
52952
12298
16849
47424
17830
29784
17626
34981
28697
22451
37524
13120
29685
36162
7286
14015
51545
12770
31572
20839
7481
39060
22114
51443
45794
22737
15283
43014
36575
3486
23183
44695
43763
5423
25439
11394
43087
28066
20202
41099
22793
42105
27673
35375
36503
19883
19754
11529
27464
43416
19956
13660
19704
44649
8341
38029
7917
11123
36617
49124
27535
10869
41212
39298
26115
25173
26226
14905
37857
4918
53251
3555
20508
36756
18608
45164
11339
49098
48992
30201
20181
37495
47574
21588
10231
42411
13452
20032
13415
50195
32397
5509
5178
30071
7603
24125
8700
8927
41209
4751
44935
35647
41303
3688
26394
18299
49151
29356
41617
41196
17817
40091
29583
9972
4785
47689
39123
23180
40909
11187
42964
53302
29938
46355
25957
28385
6814
46616
29543
35950
40119
27450
42208
26835
11949
28945
11049
27449
27970
14064
10012
42368
13867
20870
34427
12661
10053
48099
37264
15944
52733
27997
47590
16528
16965
40348
47447
32721
7560
24001
52393
43722
8218
25596
20678
37086
36438
34222
47539
19032
13004
23350
8403
42777
7195
53698
47603
45687
2101
31268
19383
22656
43777
16790
