51051
13236
27586
29045
15466
18934
52773
26291
46675
30038
9856
32117
34208
37548
1474
47388
3303
34033
38646
14174
53362
1370
22368
35719
38777
34832
49801
10975
11060
36049
39058
2053
6262
29298
38261
8369
46742
6031
25498
18805
15717
40217
45631
6272
11427
30221
28127
17030
6834
39376
17112
15310
32452
23244
52027
43976
2741
6675
51547
7637
22671
17565
49522
46186
32566
20113
9705
11340
5696
1278
22166
10046
38541
2510
48301
53259
44529
8915
34135
43912
12120
12943
37816
5785
33464
53132
1664
31092
32870
16195
28950
36313
9251
4410
36841
49300
15234
33179
26107
1329
24218
1786
34531
51808
2385
29323
8231
45289
49397
10049
32082
30184
32906
27907
34528
18180
53065
30465
50109
22590
33648
32079
16271
28190
43238
15875
13997
3009
8674
3131
