19047
30693
28936
31583
23311
29574
1322
12588
5456
41435
33050
10227
24788
53656
50523
12153
36143
17440
19334
32800
9030
9888
44776
37475
40308
38942
12627
31484
32146
52829
9444
7841
17073
15733
38138
24473
28053
6260
29350
34863
8887
37755
85
47556
44447
19573
2525
26950
15617
33654
51863
2388
19784
17320
1750
31887
51713
4840
22400
26537
3006
26934
25531
46236
4296
20573
32007
49503
13782
23206
7571
36242
26577
16084
42412
25327
21100
28074
44313
30974
28430
31714
40181
9903
27740
997
12605
38285
35239
8854
34206
24612
50891
15408
12290
11289
14566
44662
33552
32521
17720
25065
476
29986
103
22677
4844
2282
37485
25625
41098
42856
27703
3373
29561
52260
12812
27503
51663
2294
37543
3984
46969
43445
40313
7927
9828
3023
43427
2969
42261
51309
19943
48996
32794
48029
41293
29044
31880
24908
10692
47778
29290
44037
36311
27550
7311
14479
51508
7986
36195
17198
7707
37682
36659
21690
4819
38677
24891
19314
35685
48676
16355
43530
30472
52752
13531
22164
9050
35649
49613
18954
6173
43047
25924
23163
7052
6500
34866
40223
6894
2799
8629
51102
5468
18844
13956
24109
47612
47729
37727
2035
51125
42417
33759
39312
907
23681
51110
37892
36948
39396
6936
1784
10145
21286
48110
14320
48385
15906
44410
35995
29716
40876
15273
21775
34597
49768
5073
20286
40072
47246
18790
46003
39708
42179
3143
41161
24451
51897
22982
37198
43610
6956
25172
44414
25861
24284
17814
35549
8891
14353
21298
34986
23276
31320
49517
20495
31063
29498
44602
24152
23656
40839
31814
46193
33982
19446
48664
23011
24432
40377
9314
43224
30929
9033
7716
51880
37067
24507
35640
139
13400
19105
41564
46757
5450
9569
7524
37085
12233
46813
17938
2695
6266
5271
30645
52031
32549
36595
49191
12553
16313
1579
29766
41036
43336
653
25288
39662
45737
2774
23747
37232
3289
45335
37922
16572
40593
36227
2685
10043
46190
19987
9860
17928
12427
18931
4535
31272
5578
2334
8765
38919
42125
14376
1510
26483
51615
14828
3993
48408
17750
23123
39411
13881
33173
7482
49541
51195
29216
24285
5587
2152
638
46217
13873
24639
34677
5103
3897
36966
25086
19996
9242
29209
29783
5378
30080
22666
18199
11576
25535
51631
40098
39895
26727
28360
12515
8098
32648
31378
38788
5948
49465
49383
1805
45879
37149
23962
35628
43690
5862
32107
887
30093
9321
11237
49488
24683
10232
8699
7436
50324
4660
136
38813
18029
42450
6503
46517
27865
44319
33237
35470
48534
43668
17134
44075
22302
34548
14770
15476
24425
36207
4151
21215
25061
38279
21861
34551
30281
49449
7704
49229
13282
25181
12647
48426
179
2552
45416
45904
27380
407
42850
33257
14528
25366
41178
29789
43067
45195
37581
14027
25835
11922
34169
5051
30953
14611
3538
20108
38821
13756
1827
27910
46954
13394
18648
44444
32317
50464
35197
16250
7020
11749
21514
34735
6549
16094
28994
33548
40560
4233
45568
23686
7024
32828
47975
7593
10339
34716
37286
28189
22324
25162
32224
17456
41474
17438
47172
43404
30543
31179
15044
16892
3933
35972
52640
46484
23544
3454
29715
19229
48076
11959
29963
23128
39523
35999
50975
6044
23668
47737
7197
20208
24075
53150
18323
10866
36427
44928
52426
37821
14538
28939
33026
45495
41942
28635
37318
21202
2266
37889
27429
11234
37702
185
1743
18922
29826
20221
26020
19990
45616
28185
11191
51637
44631
33410
28364
15831
25871
39465
45235
27200
24727
53285
36685
32496
3937
9198
18573
51652
35345
46733
33509
18324
13826
25731
3427
37580
15766
39016
52575
40580
50353
49669
18206
28661
46426
40295
49519
10838
19706
1182
41772
47926
20702
42192
12545
19045
13057
3994
47783
17429
3931
48140
24688
42594
49370
30678
33456
49570
40139
5152
11881
14149
14436
36015
29910
33305
7876
44560
51763
37255
12886
2832
53162
24057
28976
20779
35754
43183
36191
46215
42102
30613
28447
29262
50819
24929
13216
36880
42655
18564
51471
4462
26256
32776
21459
46971
32035
22206
41025
40321
12421
42186
39079
53320
7817
3756
926
52083
18485
22500
25213
19294
45540
51050
2427
26387
51468
10974
10789
40649
36003
45185
27896
188
1418
39882
15852
15795
4626
20263
32792
24785
36918
10298
11586
33850
45186
44160
38994
36019
42733
51843
19839
2740
20262
53345
48891
10749
34666
47759
26471
41615
24829
33164
7344
51628
29462
13153
18658
9488
43347
9829
39294
3241
45443
51661
239
39961
47763
25907
39921
43903
30437
51378
4393
23690
11323
30824
39307
35439
2605
45438
40667
48804
4672
50504
27788
53739
17783
37841
52076
51877
51106
25495
10100
946
43162
956
8627
38730
29646
3242
31959
52489
34901
6836
901
18492
38064
23390
36942
25714
32201
31428
6146
7822
4703
14372
36223
7589
2517
52055
28075
52364
31167
46258
5580
10956
50383
11828
35454
27846
38198
38084
5933
39766
53190
21408
13203
32479
37491
13500
53565
41087
32712
37913
27116
35293
36188
4948
33834
34681
42045
29582
49343
21938
48778
2506
35314
13018
21126
46627
12796
50940
48232
1115
49849
8204
22181
41370
16014
31525
46346
7583
42088
15865
30139
18589
21313
44919
34482
9530
48941
31747
2876
15441
1116
53198
53746
46336
36214
47487
41924
12925
37906
38573
34802
41333
5737
31945
49938
51638
6074
2494
41842
43127
26430
47538
49608
38118
44384
11267
1263
25679
38441
52456
29404
12303
20561
53727
37918
26943
24523
28664
22489
31889
14172
962
29458
51377
17375
33533
26164
52343
25985
10698
48911
21479
34797
45773
49630
20760
13478
16641
12991
5794
51751
10063
39152
40160
18619
51580
10923
12603
3372
54
9748
48350
37021
7439
13778
16198
9760
16188
40702
30434
30228
20591
15126
42917
21314
8088
34758
9855
17843
29751
14760
28579
44161
44528
6884
3189
7551
34899
19919
47036
37090
33000
53121
43789
24945
12516
14344
29147
30040
1445
13914
9228
27666
50778
31236
6085
2356
40521
13920
7224
12997
31080
46756
517
25230
53305
41966
23272
26068
27044
29950
28745
44789
7983
13612
3157
31816
923
8654
39587
32440
20246
8384
26393
33076
50850
43564
35870
5268
26451
12265
47544
33476
33897
19775
27514
3927
1848
10361
17526
28097
51290
7432
42819
27948
29014
11798
15792
3144
20404
53372
43315
12973
12682
42027
39476
8214
7534
7215
43313
19248
51392
26004
53239
46946
5348
13825
43812
22989
49162
19174
43959
47935
22685
50661
25891
19672
36165
5508
29122
52155
37032
40639
3458
49831
9395
53089
31458
35477
6982
27232
25364
27534
26336
39330
25444
48552
53503
7659
51132
29258
22032
32205
41218
49931
29972
21635
15300
18135
44241
34386
30126
29202
52737
41768
43163
41740
20155
26762
15387
27628
11313
53569
13212
45663
51257
7563
22437
47832
22714
7625
20636
31163
5662
33990
35062
24901
11579
4408
1668
37207
13698
36324
49918
15785
45327
1644
20785
7156
49337
38880
32804
21435
16718
23450
31535
9717
16496
46753
44672
18518
24163
9254
29205
47898
38043
7874
35943
1120
45882
28267
32885
24202
7916
33755
18668
36772
3847
11019
11906
24912
4978
39646
43653
38413
39623
24336
29025
40957
23258
37688
32124
37411
49434
36752
26692
21080
16535
45547
19138
5516
14799
39743
1118
8463
33229
16503
28367
3987
1763
41227
19979
42538
33616
16162
20131
17089
12534
14340
10439
14513
7572
3167
8646
12035
17499
26109
47184
3213
5909
47077
6424
50020
47625
7054
6661
14351
30921
22090
4112
32377
44049
26179
49249
36340
17753
40918
8453
5847
15854
36193
27779
15690
3456
22119
5954
53020
45892
21353
34091
17683
49212
51668
16859
2408
40372
19435
40066
35207
37620
41157
7201
5987
16239
2734
50355
53100
12673
8974
3575
2280
1812
17043
36872
30675
39053
47930
27946
13644
43798
47985
20707
16635
2919
13856
35743
48758
39528
21707
33021
32774
47129
13613
50473
51662
38289
17599
1558
9453
40207
48048
26104
30088
50706
8160
17738
51215
4949
12723
48199
4701
34959
21982
46877
5716
21021
1072
31316
29228
24592
7855
41637
15710
37110
14256
50920
52911
21469
30207
51686
34077
45986
2186
17428
8617
50946
32319
17652
31861
47491
33805
36371
18666
13732
2873
30265
28762
27699
49080
32092
47294
3160
30685
4428
53078
20611
25532
21876
10589
28535
25152
42323
35327
29830
7957
19499
11233
15520
32927
6574
8042
40194
47716
25933
4043
20273
17324
5746
51854
5356
31989
44353
29616
2827
2135
1273
6008
2497
8531
40837
51635
41035
50614
51542
41054
34830
24903
49417
24741
6558
34004
5452
1447
24981
20902
411
47970
48169
15151
30062
11817
34867
25694
50875
37808
44817
15694
760
38288
30840
8804
33853
41150
42792
26724
36264
27112
7255
52224
1010
16998
38487
1604
12712
2297
33871
39481
53333
29770
5535
47554
44034
25691
27474
7192
34755
2370
41493
36547
38294
51624
3383
3626
48075
16040
40742
35246
9955
25054
48831
9145
48302
46514
46686
8049
9240
4004
25102
37108
44200
18915
36886
29285
4062
42243
21647
35416
51739
39887
33082
41927
8745
7107
24506
52777
52961
34851
35886
4934
45338
19364
24673
6049
33868
39007
30729
36584
50879
3782
36172
1815
20974
15250
13067
45419
25647
12448
23684
9730
46145
17347
30502
24986
9388
35330
15478
9129
7934
24759
34804
35679
50047
53160
21773
16277
8850
35974
7374
38978
36337
48178
25126
7013
41158
19205
9878
46140
46661
49555
13052
11600
17646
47273
11986
14193
44987
9283
8856
39721
51549
742
18729
9475
47562
11979
15175
29120
34394
1316
49463
13360
17213
5197
32703
4305
37377
32728
9835
40512
21984
5475
29430
12338
33938
45963
25299
13229
31769
22955
53693
34165
292
20545
48311
41433
50263
19725
7397
20507
10512
22239
29390
29590
7838
17061
15815
35541
18968
37557
40451
36729
50648
14893
40805
38012
4320
8632
17788
23846
14984
1357
31366
31256
41838
13812
17760
32669
27890
26268
53432
15606
8872
47665
10278
51577
7910
39460
35913
749
48782
15565
11756
39724
8226
3585
32781
47087
32883
42316
47174
6685
27798
16835
45056
18254
40417
14274
41373
19278
5292
4105
36033
17497
42267
31934
51929
38774
13784
39367
31072
14721
28423
22865
22267
39126
3100
37521
40559
15227
19094
50660
8459
14788
35925
2412
45873
11607
7304
25715
30612
52194
52484
40188
34162
43396
21513
19036
34605
6118
42227
4035
33519
50681
38067
32354
41006
19380
23654
46406
4114
30786
40225
17766
23046
38878
48065
49064
13775
30665
6538
33291
663
47843
39534
40629
35973
38180
23603
12817
28690
35963
44459
36226
47453
30063
22981
7701
36912
25697
22771
2318
8303
46441
27556
11578
23623
9656
17091
4362
47688
45354
13082
47801
29332
12196
26221
40751
38473
19455
39807
22123
5206
38841
13542
19676
38700
9661
45695
35487
21197
22070
40101
48003
26726
33214
22566
17592
370
26482
39516
42965
15073
10977
25631
46854
48842
14388
38694
13998
51783
16139
15644
42590
13180
7444
33207
31338
619
37577
49133
48262
51616
44191
30827
34008
26117
47572
24644
41698
33343
29869
45717
33131
33562
18743
35365
51190
48826
5959
45759
49556
5923
41233
50230
4958
15399
10861
33756
11379
24462
9681
51848
12518
19774
22245
5832
537
15902
13886
4912
43553
17995
3396
38271
10003
6864
17751
372
34805
15543
24917
13027
35830
5180
27475
22456
11087
19813
39260
31674
17466
44532
23467
23675
20533
10158
38156
26455
26379
9812
9123
4458
42842
25704
6793
23443
25450
36068
35874
36129
37337
2556
3109
20180
10646
13355
13526
30366
37998
39676
25207
48420
53006
49243
13759
10928
2676
36236
36124
18807
5099
46231
41817
22452
7313
17002
16269
44495
30991
27679
40330
1097
23991
37999
46676
34369
44849
35445
14165
37220
19043
53358
1622
10447
14470
35666
12314
45133
37982
52366
52073
15541
1262
29312
36329
10508
1145
15493
9059
30703
31877
4481
41143
28216
1044
40488
3118
40360
9051
46403
15254
29423
12157
46968
47646
10985
5204
34922
41644
12475
13150
17186
52221
49906
10089
20192
23930
40175
53064
13384
29223
39291
46735
42271
21093
49308
51444
40336
10172
37610
48105
51649
44566
14208
37600
31968
8345
37448
15200
18558
7457
38435
5385
22471
34651
19787
10594
26435
19318
43078
35480
11207
29785
15981
48900
34272
6862
37677
15467
18092
45264
22520
4469
14709
21970
52762
45281
18279
2159
1303
18517
20235
12459
25301
11955
16858
25996
46151
2481
45426
7750
113
42211
3506
44773
20500
35381
34063
28652
16111
44376
52556
33939
4482
41815
40347
25713
24022
48485
37519
9419
11172
15502
7670
40182
44084
34401
16895
5747
17219
19031
29379
29796
48549
43794
10802
22966
41497
16121
32304
31180
32253
49756
234
13243
3646
14584
38784
8127
11292
13172
22595
36908
51242
20197
14363
38901
24847
36197
20565
39031
26816
51930
17402
9431
11492
18918
3723
50544
4179
23592
25931
221
40507
9026
31915
34630
3701
43274
23278
42224
27599
29908
8962
27555
3332
52997
38219
6567
17879
36448
31380
7450
10862
20218
41372
47584
5673
7900
17685
10236
20516
23274
31835
51527
2190
37576
42365
33799
32200
39090
34768
25809
33089
44284
38144
37028
7644
47605
4906
39185
6807
4401
30940
12771
5419
43952
19761
44581
42666
17562
32161
44563
34327
2465
30732
16726
21439
39095
11447
314
31772
17266
48894
14621
31286
46850
9447
34622
14111
25278
14147
26809
654
39005
738
6441
23569
895
44942
15583
17547
45804
34509
34473
18835
51041
22643
43030
449
31996
23778
30333
51153
34993
13268
18141
31695
29911
39385
30076
11628
4480
11090
19988
28000
21257
31385
53029
16782
52134
33738
34410
41248
11762
37044
12191
46965
12026
21735
36968
44439
31222
17612
2350
38837
33471
43101
51336
33246
14690
5383
18091
48299
51911
43827
45692
36
29438
27407
37802
50809
29146
21708
24749
23932
5802
34891
52248
3906
10151
14559
42405
41527
45514
5708
13252
7608
8032
254
26701
23435
9617
18774
48180
9600
48724
2689
11007
20285
16419
33605
34176
16646
36629
29797
32735
6789
47531
14964
37210
44903
23767
52519
15984
33425
53585
31938
46636
50719
21518
40907
4932
1591
19850
49130
15629
9144
33851
15090
38166
46837
38733
52864
46586
43864
29912
48920
35677
44235
18872
28952
42531
30379
42787
2694
28404
5420
22041
25900
10094
19814
25471
44279
3857
2148
8931
24826
53102
28051
26901
33213
49214
34388
52958
20581
9991
37447
51502
38951
24926
22967
18928
42346
29985
858
37133
31041
15225
51246
44446
33629
14926
7785
48037
14413
15195
20067
48980
21625
24720
9540
19735
8498
50530
7902
7879
19392
44247
52105
32661
942
36001
8220
20469
39940
5706
19478
20467
31673
4992
33449
14720
46153
19826
32422
33770
8741
42049
25003
8254
41950
9336
53273
2681
18348
7969
52828
6324
2635
44959
43891
49031
18210
45689
14116
45491
38033
32674
47080
25798
736
30704
9218
29468
35390
32912
50519
29891
39375
52038
18674
35976
23320
12023
16548
6887
23260
52531
8100
47434
31262
6706
21582
23422
28224
26040
23889
16611
3861
51043
38852
32720
43605
22728
7688
11963
19793
48942
33644
1417
20730
20428
37931
9135
53002
1383
39789
49233
19303
4119
9317
19743
2319
44198
29428
46211
7025
7695
38689
27504
52908
43522
47183
8568
9735
21074
38997
32981
23620
10471
51889
649
22502
15630
16119
2025
5217
28230
9664
50817
11156
11758
6023
31131
32478
5934
36034
28526
25413
39723
35261
30571
37751
9885
1773
41961
20082
19050
540
49618
32172
50633
18309
7835
47791
16672
46197
13033
2478
32583
3743
13976
6812
40595
52263
29453
41190
48974
32771
2852
1436
48668
5911
50713
29554
23996
30197
12198
21101
43439
20183
46932
40638
46904
11135
40027
45038
49717
8591
45926
10697
21972
2197
29144
38466
35373
24495
32008
38990
18831
15322
16608
10578
7801
31810
30770
12540
48284
6510
26124
4384
39417
21094
15404
23499
41298
25511
19173
48025
14262
3308
41238
46898
40748
39027
39675
30336
13
4541
23372
46135
10418
44402
11032
46824
25329
16717
684
9939
32396
52314
10434
8787
4598
33762
22730
29942
52374
33573
1192
25542
35058
10597
30867
915
12629
27150
35623
5797
19509
9898
20107
46271
19358
46820
30526
29076
45003
2141
26273
7484
10088
32095
41436
40730
15915
14469
31257
46825
41052
26239
26590
5384
6693
49785
19194
49553
15872
9969
42340
10693
22394
35587
51446
50820
27070
44445
45884
16220
38387
14131
12309
24357
23159
20072
19218
27717
22197
39555
3000
10104
20040
28674
4190
12701
34696
32681
6153
27516
42986
51394
352
7909
11214
24812
5620
53640
9918
26946
6923
32322
15881
32484
33828
49884
29820
35277
9042
40103
22837
28831
42266
27279
12725
50721
52654
29469
26631
39110
33783
19099
10484
49256
8075
39840
45664
53582
39412
28370
4586
29246
43927
23036
11648
51579
12663
35457
51554
729
47787
27966
13376
40871
25990
8103
10332
35495
47514
12929
44609
6188
45651
51950
6989
39093
37169
51835
47738
46301
15272
37554
22891
19675
15721
2204
52103
10902
35764
14321
34122
12483
8926
11920
3665
5471
46603
41789
15168
15621
36283
35234
32451
10350
28359
15698
14589
49869
16533
49217
41117
33977
17802
30419
25020
5079
7243
31176
13624
22100
29366
10769
53753
24982
14558
44737
34117
29264
51124
31465
27434
14706
30820
47105
16994
5460
15213
16069
48834
6800
35441
45897
34692
30662
763
43054
1709
27302
15538
24964
33813
6152
49916
32193
15494
50866
51422
52795
30862
8405
49087
11114
49099
26019
46356
43878
41058
30859
21059
37585
26635
39718
20696
4864
976
49837
11026
4349
36648
11170
34736
16837
937
33009
8771
53289
32392
19663
14844
53120
19340
1879
34155
1206
11218
43882
25555
4329
34304
18134
31478
39362
41702
41965
49483
16845
48533
44188
51009
24989
27619
48027
18089
30000
34975
1431
11499
6033
36364
23299
29233
19506
47167
37667
27525
31476
2558
6244
32502
33598
29999
48137
43702
24069
44159
13965
31319
14157
11056
15937
105
17015
52537
28489
28461
10035
15804
46103
52571
24406
41091
21290
33768
13298
27869
9768
10388
39010
18548
40405
13877
884
11416
28604
610
5447
5643
6363
24466
49696
48694
51154
19635
1603
4133
17785
39056
11138
18205
15506
49952
1636
5328
35958
20173
31457
50392
15767
8164
32246
22268
20744
201
4538
1179
11650
16566
25650
25235
37875
17372
13717
1223
53201
2715
26210
19247
45323
18640
761
14130
48908
10768
31510
5946
31776
11134
48124
11346
17741
37583
47942
36056
14299
52515
31400
31857
25956
42239
43215
4644
23887
8932
5362
1114
19554
37174
48497
39519
30525
44599
15514
4572
47394
38665
33138
40749
35069
35564
53568
7893
14971
2591
1107
24274
42654
43076
9371
23794
18736
23984
11495
33075
37053
29116
29523
29682
41915
39758
18223
51162
7458
7646
10061
25328
31086
8863
12807
30387
12129
41992
2131
21698
36651
15922
47441
22075
19280
39403
48806
22131
1785
45748
7142
35621
11682
13771
12327
20945
37963
494
40402
43540
12882
44411
17625
38562
6377
43134
44832
31326
2829
30852
29683
12148
6804
41531
50149
10758
53655
5957
10995
34928
51866
19587
25408
40522
33416
41270
51723
30234
6545
41981
48033
10244
38147
1677
10171
28334
29762
41032
7228
813
24509
32525
7336
53531
16907
43956
10387
20065
19876
35199
45406
19680
16303
47180
4896
16158
4438
31860
51515
13617
39786
6847
44534
51329
44857
42815
31219
42502
52222
33843
35171
51213
33925
28843
44426
26177
41328
25465
6190
15015
10728
31669
52139
48964
43771
31675
7839
24648
22480
5967
10537
35128
23974
5950
31890
41487
23944
40215
24937
40966
26247
48446
51298
53575
40723
26932
24325
46532
53644
4885
36486
6148
3442
13541
50344
38668
42559
15581
50683
11171
10008
12300
27564
11581
48843
35185
11750
8047
9417
46080
46476
10526
39308
5882
7613
51357
2868
44521
13807
30217
33175
21804
38098
8446
52181
2513
18843
44658
34879
17560
43589
29594
4753
6285
49854
50121
3683
26161
11344
14378
47609
28464
13342
6573
30779
18783
44922
43881
16344
30267
19215
19091
25323
874
26799
37622
8377
46672
21623
48578
21545
29207
20460
49004
24055
27487
43108
32932
6575
24814
16699
25384
36846
51139
29781
38850
42835
13781
33184
23070
40457
44838
45729
15215
16755
20610
51781
25195
23430
23657
9645
15437
50017
36938
4642
38680
823
22609
43035
865
12216
12028
43133
45236
2102
12956
11081
10621
45577
18582
26326
44574
41475
22985
27839
50768
22071
25604
51936
45455
2275
13894
11994
12355
33628
22411
31779
46909
17883
27012
16828
19524
26344
47088
32977
50837
18157
23211
50937
19924
41416
12254
2240
40565
33064
38831
21808
11998
22134
38932
49170
11769
36355
23954
33882
28655
16473
3014
28386
39809
44274
46809
23495
21175
46421
21581
24417
18030
10135
35568
26921
38472
16317
13339
20957
10004
20057
40367
41318
22250
30102
25769
30189
4521
31487
38240
675
52457
32865
23558
39556
13790
41867
22511
11013
34123
50461
10450
2530
5748
2133
5517
30340
9376
34689
8336
24642
32441
39108
36813
35998
20603
15335
50560
8283
32140
36720
28578
49041
9981
40042
46321
17915
16328
18162
13036
18333
15638
53664
15142
22158
36533
31246
6400
27697
31058
2170
49852
14358
4867
27857
53415
29719
14001
36114
19804
26121
49934
2542
48854
33208
49057
11110
34947
4079
13201
2781
32998
516
26609
26180
49462
19438
39085
45857
14121
18085
7816
45011
804
27324
4654
16415
2757
17486
13155
18295
17980
8864
34480
7984
49780
45306
40056
42714
34134
51575
47222
23762
39701
34553
42426
18177
25272
19145
6832
42524
6312
43685
43562
8468
20972
3219
44321
49933
36141
36837
6051
11925
20247
6530
42493
44009
2232
10955
43332
47653
48036
10852
9083
24084
25400
14500
41852
2615
29224
21794
28038
4800
29418
21294
38167
11894
26027
53610
8324
44933
20901
48788
24906
42477
37786
20891
662
46095
13852
16949
39454
9868
51884
26364
14718
27864
2987
7120
39448
22303
6016
8022
44312
44391
35521
31037
15961
15139
26325
8466
34036
44787
16725
8639
29394
31605
26787
20478
41261
31159
1933
5004
12114
22790
47637
187
24593
49053
34280
38407
32994
5733
47135
44405
45911
43293
16442
26659
20995
1066
34256
33366
31872
50921
33885
20207
7747
1015
25132
38277
29906
13811
41662
50895
51332
50134
40781
40355
43563
7291
25889
37744
16679
14850
29461
37374
36722
32737
3721
50027
36940
19232
44913
48391
28388
26031
39285
13539
38210
31137
21555
10535
9207
28808
41256
19837
1280
45960
36140
50347
2954
51756
52385
51530
51046
19213
19977
31215
53729
25776
42439
10259
50049
16174
49582
8967
38068
4316
2105
39172
24756
13131
23126
39941
48945
11268
48538
9611
16804
22886
21956
9292
40162
14931
21917
14534
4530
34522
14292
18601
9692
45557
44186
48680
41415
11333
6457
20249
14745
4503
18967
48039
1800
30149
34325
44692
34149
13388
36537
580
27448
40023
21003
34465
37818
5642
44211
16408
583
46065
21261
40468
29254
52969
20834
52081
19074
35796
12293
12142
3840
33726
38484
13713
30003
28017
31358
5788
19040
42086
40296
23639
7468
12175
14311
43983
46942
52662
33627
16813
805
17593
9181
50415
4946
25684
48022
3342
53310
30763
50906
11532
17986
32550
11035
1760
31524
46496
1540
6907
14074
35760
52602
45977
50538
26067
42563
48323
32847
11213
14154
2604
11772
6070
43992
34543
44792
2723
6968
19082
41279
32876
6144
36052
2394
1074
24156
52740
50901
45324
45889
37652
5041
17891
20893
53685
12908
22645
49499
39287
36134
17918
31047
46755
10683
18371
24647
14723
29102
19981
331
43681
31451
6107
26855
42432
30438
11601
39967
19134
48952
15749
51694
30105
50522
37758
37208
43993
27723
38066
9586
27540
39404
12091
22961
19167
52344
37284
5585
3586
16467
51588
25742
50278
28671
9204
3103
40144
43113
15926
8499
16683
31050
37424
31781
30604
43989
44514
9485
5695
33433
25934
7734
41611
11391
3052
24263
49423
48141
46576
35985
31548
24393
51304
33413
16723
26485
39792
27817
27901
39690
47644
4513
2118
17362
22545
45991
42738
53046
6274
38409
14264
6598
29073
3037
14087
14667
32071
51316
24131
45481
49460
28796
29528
9832
28914
20250
40985
16721
47860
45980
17268
14239
34405
20558
39415
23279
10101
15133
46921
29818
23434
41619
48560
48403
8672
6420
27176
7812
11934
2967
15738
3791
27693
39853
45525
23549
28182
10491
40571
40760
38770
41332
22188
40646
10522
29647
16531
25284
4106
3122
41659
26607
9606
3556
6689
43034
29459
8308
36926
12980
13026
8604
32565
15837
16392
23166
31540
33801
22263
11729
36243
9095
3204
15648
22894
16015
53374
1031
53384
371
18021
47125
17861
14804
48779
864
38625
44016
30871
39513
15485
24999
25642
40687
29563
5303
2410
21241
20319
1775
4211
9674
45047
18641
48321
24283
35425
11279
2872
8820
24217
20002
11071
6925
39952
50171
30468
20513
34381
13863
28347
28035
33846
36027
45290
14808
1414
22580
14156
6961
11351
47691
451
20918
24607
37467
47254
48821
3234
22881
52281
20670
17653
27026
51058
3305
17972
40815
22007
31033
31771
14129
52202
40944
53398
13432
43644
18723
40276
27345
16766
10569
1721
53416
40154
9161
6880
2179
35108
16891
31571
16549
42645
41912
8549
32353
1860
20272
6289
2111
9471
49971
32662
33571
15407
18425
32818
11468
8178
12119
2519
8159
22921
50321
27089
50551
3895
31408
14435
2112
17414
20772
31930
51004
42664
53421
41985
37668
19497
31269
31045
38500
15535
9380
52595
41059
28531
26658
26469
34706
3647
40007
31111
42722
32212
12861
13551
6560
48698
25275
6187
46328
11010
12851
8546
9977
40747
31852
48152
45093
16012
51144
2808
30848
2976
39878
35382
45422
26678
23074
43897
53233
13839
26939
44451
43354
23400
23697
48414
33129
12361
24663
31381
2721
31581
15787
19322
43638
14653
8855
1538
9837
14504
28151
22107
44614
25876
46599
48080
21732
45029
28358
9751
34549
45574
42091
32979
38660
29395
32797
46313
53141
4842
881
34660
8030
35845
1464
28355
53513
39731
37261
17922
9713
24843
10714
49470
37833
34374
24162
50942
10030
53475
20542
18617
19379
4371
23494
27610
13580
15481
36993
6029
35249
555
6818
36972
14176
30781
11713
22664
24763
44166
37664
20920
30825
31361
8573
651
21782
53316
11542
27296
24973
8867
41285
33250
22091
9676
5499
38093
37807
40931
46097
26903
38
44408
34625
10162
3375
24484
48098
49988
18322
15078
15171
39349
21354
1803
46780
7284
33827
45756
47284
26447
44151
37052
47001
41636
41625
41018
11860
44549
17640
24740
4531
33998
20489
7509
3864
26064
7717
773
16911
4132
16644
32311
12706
36768
33638
1732
30203
41844
25759
33821
47500
23738
27902
19742
6050
51862
44596
4224
9654
32689
6904
13276
23736
5588
25726
27376
28766
13635
25688
29946
12127
26233
20393
24548
26738
20220
39320
120
5015
312
6375
53050
40361
43241
14209
51724
26138
8631
29857
15871
439
52402
45453
25843
378
31813
35423
6979
12566
36004
22466
19470
24631
4113
6346
37229
1496
38063
7654
12768
51037
27919
52360
32508
50754
28812
49708
40800
20645
6321
2743
18240
11540
12928
40353
23252
25294
3414
42639
6783
20135
52591
16476
51706
47504
32727
4580
51750
4704
8376
24322
1553
16237
38393
3722
22305
43131
12018
24135
42695
52149
44399
616
30906
26552
9427
5809
19871
14618
21989
31480
16961
46251
27602
24025
9366
20323
6958
41810
23870
31503
19758
52005
33511
33604
52113
50848
47712
38900
717
167
1788
30595
44488
53455
24773
39810
30933
5482
23225
35908
39114
24522
4659
751
342
25481
38758
48461
8448
29036
6410
30269
38590
7638
11221
17252
28691
38603
25513
14665
1248
10134
10428
1790
1720
43079
48221
4757
38556
9800
28429
6916
49362
19155
21595
29819
28840
1189
33293
2716
34952
4335
26900
12222
53409
39814
45887
33261
47958
11673
42689
52985
12551
30070
45123
9098
31569
1400
20612
51961
53755
17007
27840
2005
5237
50892
45360
30800
2202
49544
45471
26567
27523
25638
44656
46966
41454
31495
29841
39400
8602
35264
11982
28377
18093
10404
37020
30045
48682
48786
26867
16300
49109
26456
48977
47890
43888
46669
37819
8203
52884
19266
19367
30140
46536
3769
24457
48026
27842
15340
29399
27565
17913
33395
49301
2221
30774
6295
45570
30585
52156
45232
51346
7330
25942
11518
30534
27259
3176
38355
19332
4585
26676
44306
47242
31837
4330
50842
22083
25793
14146
42873
27722
11646
9252
5085
25093
44503
52378
46867
18084
42688
45388
21194
13200
18586
27134
23257
38785
43872
15457
52692
27295
28639
27524
48203
49386
34237
8753
51760
52060
11526
15741
22823
13899
15428
46273
12484
30148
6084
9663
23726
5971
52920
14289
9537
715
15013
1900
374
34502
28328
21319
25171
26307
47591
25053
9157
22144
31987
50556
53449
7342
23539
17659
2313
1716
34587
17313
23154
5537
47919
8532
47169
23835
53414
48861
1298
12958
30843
22901
11084
1670
13984
45106
21044
50727
34385
3593
25283
49692
5278
31586
48751
6935
21088
31957
32627
14609
11242
4076
9642
15580
31950
31056
18014
7139
16529
31194
16112
24700
39055
38142
20953
49699
12684
39119
23264
5087
8409
9203
48410
20389
53635
15664
6446
12743
47210
33084
40917
28859
25200
34858
43256
33477
50458
18671
30551
41541
52890
5818
26093
45325
44245
4270
36276
26460
36169
23089
26674
30813
32142
34261
27505
11092
51757
34965
6522
26525
7919
15066
47741
16186
30828
8849
23138
2909
32611
40109
11139
28246
52354
31330
45796
21330
33474
8243
24405
28607
19451
8702
11377
28713
24832
20593
29878
25216
44717
47606
33092
32344
23808
4452
26733
49111
32458
6872
24082
30278
3481
40461
6945
46978
15281
5123
50622
21738
52774
26108
29033
21557
2727
14386
42483
51787
26039
51491
39425
18788
45043
48209
18514
42931
43475
38023
4281
36323
29317
28816
47820
29832
36919
11644
20037
38163
31314
25897
24662
37209
17714
45113
6853
51492
34742
30758
52589
10932
30381
5410
39316
13898
10330
10954
51561
21051
8530
12590
51658
8886
51447
34862
48106
2178
21803
9994
46073
3235
15954
46163
45690
21650
47838
17983
5139
19170
39483
39421
21868
51916
30698
20174
39508
53014
26244
43111
35656
42875
21217
51614
51630
52355
41291
30568
13264
27226
23330
9278
6427
34023
22567
44751
53122
18250
48642
3475
8965
32264
49841
38621
44677
34166
46457
34817
52233
12225
12735
17373
47437
17125
12082
22861
34242
35291
35469
10281
33268
12910
33223
30892
3180
48970
6226
52413
41570
37730
21764
36974
30161
13980
32822
40775
36077
13049
50092
34066
22255
17786
27258
14145
18391
20782
40432
34784
42994
46922
25347
25826
27923
45111
34794
6604
47815
11294
49677
43072
535
31297
1308
36272
11210
6072
12651
29871
28320
8994
26585
44470
49915
23090
5863
1483
50531
50292
26266
51762
52693
39913
19489
47968
50977
11479
31489
2891
50136
13844
12444
32974
13367
34719
9701
38178
49054
30695
52826
19197
43341
26323
43369
42633
27190
34494
51136
29737
43608
50029
40526
38196
38789
22103
43840
19189
25869
13714
34519
9372
32460
32754
13827
1564
45273
33646
12658
7234
3369
42145
6788
29597
50466
25139
40416
29235
39951
43506
30849
17009
44725
33348
22044
32845
44868
15304
23809
17661
13938
40246
11198
35892
18040
28629
2342
440
5974
44474
9861
25147
42581
25106
10379
31108
20917
24100
4009
21157
42832
8410
2937
3712
19565
26044
35341
4057
44333
46377
23564
3978
45709
33372
47809
3940
4643
26464
4645
51779
26636
51519
1275
50096
53735
39747
14229
11029
41660
22907
16652
24510
47521
422
12331
29539
36289
14427
28544
10115
39192
2430
41422
9091
40791
7633
3033
44322
51056
29018
43211
34847
11021
14377
43606
9583
28288
47496
22479
6833
13566
47227
15462
10167
48541
40155
8038
14088
14075
43301
52278
6417
35816
10305
25971
12832
53357
19659
17771
31471
38915
7770
4974
5484
2576
45275
30815
15774
4565
23129
45874
6640
20148
40105
7262
47264
24565
49614
13699
18011
33965
27810
14921
50251
24450
34765
42032
28892
44383
14816
22311
3761
6626
11835
20230
12660
27091
2271
27968
22252
13220
18515
21416
44916
9599
6619
26324
2691
23371
15132
8300
3995
3440
48599
33504
37915
11637
30939
2920
10684
24967
45826
37291
20788
8507
45072
3270
51331
3438
49501
30133
24306
48614
23711
31227
2003
44098
22628
47204
17141
16251
29815
13970
47136
21983
28912
42961
10306
22145
47138
51400
32668
34062
34777
39325
46021
38870
7804
9132
17160
46503
49576
8728
19646
20176
41277
1258
22280
51118
47480
49625
30025
37772
45688
48193
3264
16343
39752
20582
26016
842
8973
23111
14379
51222
29190
10873
33658
33921
51200
7031
39429
4882
41941
21076
9993
21720
26720
46334
20340
2665
35122
3678
26853
37362
48132
194
36955
46726
24992
10381
17781
23965
20225
48072
49451
5851
2413
25675
50517
28987
37144
23185
46416
9738
37778
46167
21323
9941
39436
33355
41703
12407
49628
34409
26974
1172
33432
1186
52050
52880
18148
45503
11622
24248
24818
42480
45921
47640
53579
43587
36391
600
26507
43837
2295
36524
49167
53045
13604
47313
17976
49033
47032
52559
7624
40508
27640
39870
31868
28726
8371
3198
13960
4465
31260
35643
40613
17874
38257
28627
36445
29029
4341
47039
31916
831
10217
34946
10792
19012
26739
51372
17270
25580
37920
39098
32231
16042
51902
21008
41405
27249
43550
12668
1967
17844
23602
41323
36896
1858
39606
10262
53101
47972
5646
1682
4070
28030
18244
48903
36387
50354
26231
14114
13426
16719
50005
1511
36425
47365
43911
30687
2778
45606
31142
9422
12915
13370
35507
41669
31311
52440
31148
16390
15334
16265
20652
36357
5687
12493
51438
44130
18181
22120
33743
14337
42137
28154
43071
26349
13773
6460
308
3918
13087
6301
41530
700
45102
42454
33232
44828
37042
756
33117
31390
44173
53371
20691
40952
39360
15042
16800
1871
31866
25434
8408
17084
20275
2311
2268
10603
5930
52188
52756
41850
40535
11180
49939
27315
19757
3058
35339
34147
31002
37319
3798
19192
26401
34345
42678
4331
19582
39604
44453
13944
29995
24966
23990
26646
32584
26958
45595
24802
30292
299
8264
13372
27486
50199
41169
22004
27228
20518
23246
30962
53581
4396
9423
16522
35637
49795
2246
44416
39780
38690
31847
9167
38830
24434
19832
24298
44122
48525
37177
27107
52470
19264
24422
51425
35795
6937
25761
815
35045
27379
20654
44185
30193
39933
30191
21831
17587
29958
24861
12259
16127
50391
18588
34049
22335
23783
21017
53018
25281
16769
10173
8184
21672
39246
46408
24795
37371
1265
49274
47515
44485
19111
9131
31097
3679
56
25233
31363
44281
25829
45001
1163
8725
9531
38705
46851
27399
29344
46495
18612
40337
47575
35511
19849
5899
49267
21866
2129
37311
39638
31829
47492
9402
3275
46032
41367
800
10228
19384
10320
28371
49907
18060
14462
6954
38104
40272
3831
43425
39754
6374
23139
12394
3997
26660
49200
52766
50151
51409
49641
47339
17476
9527
51971
10314
43710
37018
4045
46786
44918
14678
5353
3598
18765
11179
50954
33895
25521
44525
4507
43686
16637
29336
36557
10943
34739
42887
20595
9590
36862
31501
30157
14992
27312
3297
34632
36409
14399
27710
12887
6896
41696
18819
2376
34251
52102
20776
42726
48785
39240
18416
26250
18675
36559
6421
4697
22983
50176
29300
48651
13053
30989
10289
30558
37761
22357
52024
21508
1890
28926
3962
8062
1319
5502
45177
30619
47344
36259
44610
18734
4625
15825
6352
22026
44415
28897
27080
52813
10913
25623
1058
27011
7327
10947
50299
50587
45344
30772
2504
27790
33886
37572
20705
43191
27660
92
45623
31130
31619
8428
48191
38060
47449
35767
17063
9929
36799
28610
17022
14582
43125
11343
25961
17430
21755
1506
25128
45727
5926
23048
14782
32227
49786
17795
37579
4168
12611
49344
43537
36069
6468
35820
48306
24382
35961
24566
46785
45684
34567
37297
17971
45910
39939
26896
10443
23937
7289
4726
940
15178
34340
23407
51293
52590
28628
32398
22153
46831
10413
38762
22458
50769
14517
4037
39829
7832
14627
16211
22180
53536
35680
3619
31026
27391
51330
12434
24942
31624
2343
23136
2061
50023
36053
36818
5689
23916
30360
41926
22932
21674
4738
45782
26685
27512
12842
538
711
48382
49929
47281
20100
32170
9919
52216
33144
8601
43164
28132
40899
21905
4304
45040
50884
37774
36959
4017
45336
23081
13299
12698
34875
43100
19263
9121
43826
28648
30378
27950
39335
29881
41118
51621
28930
4185
29902
18591
46772
1130
40869
36936
34371
21979
40053
33393
39435
41797
43987
46312
41917
40518
22000
9679
29589
23410
21600
1284
7157
44949
14634
40826
18090
31722
47188
48360
48175
42903
45820
31375
5344
21644
41990
20743
18063
53631
40885
3878
12809
32080
50573
18018
52945
2162
8136
46168
28496
8643
51340
31201
893
1203
42561
7199
13770
9151
39733
39652
27940
1214
33362
52923
42279
10309
4209
39084
879
46154
15396
32765
23413
23379
4368
26956
45390
28021
33665
31186
9978
15301
28798
38459
1629
40386
24979
36488
29599
24177
40895
28390
3584
26399
12869
43287
50741
11334
37009
34907
30942
11683
22870
20968
7206
45277
10066
27601
26838
38754
30282
51207
14927
40275
24939
11997
23883
3757
32305
37651
52167
43199
31520
17496
23440
966
50191
40183
48892
30107
52731
6406
53607
25584
32
28083
18771
42717
33543
25118
48353
28878
51401
49914
40290
43099
13336
24317
4543
51227
46037
52026
32509
28281
14091
34974
31648
22991
21832
53185
18614
8540
31145
21753
25232
2843
37683
31902
12623
34467
37498
12298
43434
14789
5483
16849
17830
11865
35576
16841
17626
40716
3212
40874
46220
22451
37524
42382
13120
13563
8844
34521
4615
10390
35475
29685
36162
2875
11017
2095
4570
10803
22918
7286
26550
37415
40767
38509
14015
38674
5621
41326
51545
13358
50024
32786
6291
7232
29396
20269
1225
12770
48597
10321
20839
13923
51204
16585
28954
47238
18829
13408
23826
51278
36478
52256
15800
51073
15001
35563
33317
22114
27459
49185
51443
51410
38004
22154
42081
8145
52443
45794
52022
32946
2236
49458
2401
24128
7347
18741
17092
3904
19146
42272
50625
29776
3486
44489
27849
27432
257
45278
24219
3315
17308
51161
11512
4277
23183
8993
38369
24313
43763
12755
43572
10784
5111
5843
23755
5423
37120
10734
20202
26851
36782
19997
32505
42495
23822
9006
71
41569
24941
48082
42105
47044
26578
52613
43865
27673
50409
51080
35375
19883
1679
48369
52793
23092
33972
13350
20169
19014
11529
27464
309
36879
3311
45393
43416
871
44760
46923
1461
22963
25573
46570
19956
23188
50620
26827
31773
38107
13660
19704
8341
10877
39653
5228
38029
29283
48623
20329
41299
49416
6815
37692
2687
18341
10456
20515
35923
18944
44620
8374
44967
49457
11747
28298
52057
48264
36617
49124
27535
44703
11504
41212
26115
4374
25173
18912
1108
48700
24338
40099
26930
240
43761
45246
10670
27563
51465
39722
32118
46291
12295
19204
51798
26226
41954
51941
26712
47510
6376
16203
22409
27057
25837
48736
12917
44898
17278
20475
29559
2217
19008
12152
34834
507
30012
5203
9558
36399
13584
31585
3555
20508
35570
39929
33002
38373
51870
36756
40926
42232
29445
18608
45164
11339
53571
12021
49098
6115
49285
30201
39711
43204
2913
37495
46906
29337
1099
20866
36009
14635
18758
31113
21296
49444
4042
46478
53243
18603
1823
21588
17702
50805
10231
35016
42411
41829
36122
49664
22627
16823
43031
9446
32397
2886
38809
16853
11873
16190
31762
7999
8493
972
36565
42484
6774
5178
30071
4812
40306
7603
9176
24125
29171
8700
983
8563
7312
20132
4751
45875
4064
44935
48883
41303
26175
3688
20521
13308
36439
18299
29356
15940
10357
34680
9487
33632
23730
31783
14485
38624
33833
47749
41196
50688
1963
40091
37330
5422
3703
9972
10583
13633
4983
41364
4785
47689
7641
35636
13449
39408
30650
20528
40909
29277
11187
22869
7074
31474
19106
39761
42658
41366
35812
53302
29938
15723
40627
46355
25957
53419
39286
49932
48380
31434
20145
14343
45098
28385
23599
30741
18430
17183
42698
25711
12443
6192
1877
6814
46616
5805
23131
29543
19852
3975
29607
45242
30600
35950
1374
40795
5002
27450
42208
26835
42719
41216
35015
35512
4646
9189
11949
6516
11049
50378
33737
38308
21612
6551
25746
6344
3692
45447
47683
53125
26544
47255
51149
11672
26729
13621
16125
36423
8078
14064
10012
14082
42368
39664
26050
45381
22441
20157
17666
19147
15808
40196
39855
20870
7521
21839
12661
4287
10053
26322
42376
53187
37264
8704
12474
9400
31074
28616
974
23376
980
14554
23249
52154
14588
24638
44501
49862
17443
27997
15586
43380
30927
7039
2660
16965
26878
50220
40348
52873
15321
10627
46769
27872
42187
13583
47447
41647
40972
38600
20482
21164
31115
37197
4220
7560
40519
24001
52393
39615
42173
43722
8218
7380
9362
5943
1917
28028
5647
8258
5569
41632
36438
10520
3829
27932
10254
156
21777
42219
47539
19032
3780
7513
33937
373
48537
18026
1802
46059
23511
13653
42777
52534
32271
43489
19407
10860
9597
46524
41047
24059
47986
38760
7738
15656
7195
18610
30684
53698
21746
35236
42557
23829
53704
42942
34787
45687
42593
36745
37689
46337
45100
30707
51385
19720
44825
14901
19383
12792
37073
41849
22656
59
48120
17094
43777
46170
10328
53183
32126
44744
16790
3741
24732
16004
17993
27424
