22141
505
15531
9602
9671
48155
22176
51567
19998
46648
9628
33263
48580
21207
1246
22786
38457
51766
10168
28276
50904
15403
42140
32972
25334
10185
10764
34351
6294
24576
19347
5501
34234
18820
29805
39619
32093
16497
42253
26834
14556
19971
25403
28293
38016
8287
29858
683
15779
33723
40128
21660
42780
27954
30283
34552
14924
27260
35902
36744
50172
24103
43875
35154
30712
45571
42997
42479
45342
1606
48397
16481
40267
36726
38071
35410
41084
19391
30006
774
47799
52054
16210
26912
48905
14935
42177
50213
10574
6428
22692
34948
24574
38670
50500
13315
22613
27363
36561
27654
37615
3459
10729
24499
19536
7126
26786
19872
31121
14459
48268
41125
2907
8709
5565
45227
24161
39094
39076
4542
19540
23899
45685
44802
53621
42335
19528
5908
7821
17541
50729
14230
22064
20930
21888
9454
5138
34984
11201
26385
798
41744
53142
51844
3077
38811
26812
9568
2581
37887
3684
15680
9502
34594
53399
50253
14333
13721
17410
3430
7189
14776
22095
28948
12168
24961
21222
17905
8392
35828
50644
38363
41787
46431
36924
30251
10426
41335
46364
20018
14273
1761
28442
10006
24416
16386
4730
38258
26061
39209
20196
40743
46347
42327
36273
39496
8715
27959
53617
41714
38904
42646
28481
7797
47455
5105
49101
45352
27575
18882
21834
28405
11251
42217
41658
30757
5029
11439
22327
14694
31183
51350
16036
8427
43121
11715
31633
10016
47558
28794
17864
4272
28919
39112
44024
42932
31384
4976
46818
16890
24801
23532
17956
27501
21942
39049
34917
45824
35384
31452
47386
42861
13130
43886
28863
24207
21281
45136
16931
22717
21688
37128
12403
52953
43368
43753
14590
53298
10894
21763
21341
24550
28418
48056
50715
5838
44509
40878
38707
13951
1181
48944
26088
39811
30127
40937
41970
36586
9890
33984
53484
44647
2764
38607
1075
50668
14837
12219
51602
13697
46642
11984
6762
24407
24482
43013
26338
50390
33130
45320
17168
29092
1008
16423
11166
16262
46155
2132
14689
16279
883
49286
7049
3487
10096
44169
37333
45241
1283
3742
19878
47945
5546
17276
41448
50723
51989
52039
36695
3074
15320
25671
32930
27048
12145
53445
10285
5038
50185
1936
25483
33266
53369
22808
10703
8289
40235
52183
41651
7423
16544
37084
9876
13556
18198
44612
15017
29314
17104
27895
3120
33180
25274
44140
53447
7174
22005
51702
16620
12525
12909
41539
6199
14755
7081
1411
50083
15578
27707
2598
5451
33352
41155
1915
25514
26405
38538
39193
20661
44951
49549
30339
35089
1460
39127
1363
3801
35545
11243
34753
51428
33124
15830
21730
30103
41452
19556
7421
26413
2797
29211
1674
44914
31518
44604
33294
52126
44259
5436
14733
11693
42456
44092
656
48674
10914
29442
27261
39537
32032
20124
44907
49710
1849
25078
35837
25539
12499
28003
10106
38539
23775
10073
16444
38583
45044
20005
40431
18647
32657
3601
20248
23105
44194
30357
52532
51360
31943
41503
21060
19087
8547
9699
36282
46659
36262
4422
30289
36101
37213
18252
8566
20238
23936
11165
8669
19746
755
50542
37834
12389
7599
10194
29873
36702
2611
46839
33699
7623
48730
49994
4012
48424
44123
11574
48914
29091
39390
3002
26768
12854
23940
47731
40582
12798
16861
20569
7834
42467
31796
48556
14633
21709
31119
7636
46800
24855
42539
37811
38207
50840
4078
35194
10966
30996
39791
29630
14492
37813
12989
52251
15542
6773
34997
45654
30451
30371
35899
24585
22175
24551
15821
12065
12238
32125
9338
7538
29099
25635
5291
34624
42185
7503
26133
30410
16607
24940
38688
32679
53533
26462
17873
11274
50045
16815
50964
46248
35577
7445
2332
46989
10243
39466
23590
33264
2628
46872
18276
2574
41064
46991
35442
22297
49545
11112
34951
38269
18263
36265
27198
15540
11980
20822
20458
48787
50388
1855
49067
24029
43770
30273
53508
8596
35916
16005
6087
39538
39937
48546
13219
1454
5941
42556
31688
44779
21619
27256
33673
19066
47199
42911
36665
48168
37002
4950
12092
7353
16414
37389
3230
7856
34360
2143
42300
11
23973
18192
8511
14070
40179
3243
18050
45811
29287
25313
48906
23397
40352
28210
15703
37407
28438
14201
53584
18499
39710
38858
14562
24931
14648
18935
49650
13878
21655
50158
6342
45499
29542
46990
52046
1238
33123
53111
4177
44115
3673
16454
21926
43955
34610
9720
27197
15074
17146
24643
40615
28142
14573
26316
49719
28034
37658
14236
40084
32061
2621
14181
34350
975
22936
23572
29892
36290
6317
29358
446
29717
7712
22817
37933
41130
32366
25566
23606
24031
48901
33038
22798
49367
51947
26833
30390
43485
10678
184
45596
25156
4096
44993
13979
30367
40940
38947
24888
42233
3809
9754
46521
21392
7577
36904
50527
2801
52921
5205
22482
16685
3004
24099
10496
22390
3366
27095
10842
20817
38149
23660
47397
41807
1798
19637
14252
47331
31947
21549
12711
50270
18346
18849
12968
6280
18462
26979
11596
41712
21801
41601
15076
30833
32179
41179
1209
50543
6869
14879
35539
44315
15337
19462
45009
27418
47314
51944
51915
23533
9685
34971
19964
40520
36095
48085
23018
34626
26993
9351
36553
47954
25690
45587
44606
6806
46852
31197
34801
28486
10085
50021
43627
12306
17158
8158
39124
3505
51912
11801
16951
10087
19840
10341
8004
22191
6243
45655
5850
20195
862
34982
19133
50967
39227
38047
4091
25930
51685
49540
49078
34019
34988
50072
43441
46730
46172
45872
46107
42332
30597
18945
12640
37529
3796
23601
53493
31206
45650
7359
49313
18994
20679
1862
39875
4365
33610
14442
3562
34029
13905
46804
48940
10414
42097
22866
27028
52915
42352
38805
1343
37936
13011
18983
20236
14736
30915
20804
9474
19097
43598
3569
25529
53022
47168
27347
39746
20359
29347
8189
16969
53379
53604
37659
38574
47931
31884
37420
44644
3088
26710
32658
18350
49903
21152
50740
13672
42498
45696
7426
23985
49455
48530
9311
48634
4276
51238
9813
20874
32868
41566
22328
47176
145
10249
45213
39611
45698
51460
41423
23591
12921
30044
29723
14085
33194
1033
27650
7475
25256
20486
47851
2561
8458
45376
27816
48570
38135
3687
20852
17453
35210
50059
16131
24299
32240
4054
34276
43110
12466
3700
2174
26797
49762
16395
12211
37093
21370
40900
8383
49429
37814
17606
9592
43339
1587
44257
27539
44038
880
8385
16000
42435
42746
27497
7500
51953
6172
42072
11145
14750
48010
11931
27421
42810
24051
27899
42406
35527
29650
423
44187
36650
37360
33620
20219
52724
29827
9112
6393
41881
36975
4002
17512
6890
6267
18034
44863
