51051
17678
12071
6390
5011
46648
27993
32625
1344
51186
42140
27586
25334
34234
1736
18846
15466
18934
14654
5500
23438
15779
42780
27954
30283
25603
29136
23251
46675
35109
42997
1606
48397
32194
33356
38071
41084
20365
33202
42177
51147
25231
51740
6428
22692
19162
27363
36452
24760
25784
31121
20885
47657
49039
19058
39076
4542
48869
42335
7821
34033
29934
50729
14230
29694
5138
32252
11201
20952
26385
52405
1370
9634
37887
15680
47885
8479
38777
47229
41426
28948
8392
48930
38363
41787
4157
41335
35737
48325
10019
19548
1221
6262
1756
39496
27959
53617
10319
5105
22244
47818
5773
32770
53308
19812
18882
49007
5435
46742
43121
10016
2349
51130
39112
31384
4976
16890
25498
49561
23532
21942
48457
34917
45152
29197
42861
13130
21281
45136
21688
37128
10894
29174
35809
5838
38707
13951
50617
37015
30776
6834
13697
24407
45320
211
1008
38381
5634
14689
18700
24032
45241
34686
3742
36296
41448
37853
32930
33266
8289
28953
7423
9876
13001
32621
35344
27895
45838
38979
53447
6199
1411
51547
40305
1915
1444
39127
13476
19556
31472
1544
28395
44914
33294
44259
17407
44092
18795
27261
25539
23775
30309
51791
3601
52532
51360
44497
8547
45537
36282
35040
20238
755
27621
37393
38081
36702
31199
34676
5581
44123
11574
23940
12798
20569
34024
37195
9117
668
37811
38405
30996
23174
29630
15542
44852
44917
11038
4988
6773
33284
30451
32125
5291
22142
28205
8958
12120
48593
39466
23590
2628
27759
12995
35442
37816
28140
11112
38795
22658
39538
39937
5941
7565
31688
21619
26248
47616
42911
20488
10022
16414
29048
34360
47874
2143
1664
23973
18192
4944
50521
45811
48906
23397
26274
37407
28438
38858
41351
14648
49650
21655
6342
12243
23803
23619
26406
4410
27197
23041
22467
19918
40084
51284
32920
23572
13832
3794
29358
29717
7712
15897
19960
38230
35955
25566
35763
22853
21860
44993
30908
40940
31839
36904
50527
52921
24153
5205
11559
3004
10496
22390
20379
27364
33985
50791
14252
25730
12876
31912
18849
26979
34298
32128
30027
29111
15076
25387
32179
14879
31258
5823
46830
35294
19462
53618
33988
19964
23018
42169
36553
38133
26505
14305
29897
31197
34531
28486
22739
32917
42067
53073
8754
3505
29323
20970
10087
7621
19840
50967
45289
11513
34019
34988
27331
49397
17866
2115
18945
20560
23601
39550
4856
31206
7359
1862
23387
46452
14442
46804
30184
38589
42097
22866
52915
32906
9474
43598
47168
32620
50743
50666
13465
47931
47939
26866
48318
49550
23985
48530
53065
34565
43885
186
51238
33909
40773
22590
10249
39611
52062
23591
29723
44681
1033
7475
41856
20486
2561
8458
11356
28436
45376
27816
38135
44184
13423
21678
10989
32240
49762
35750
31787
38401
13997
1587
880
27497
51953
42072
24296
33243
48795
53
423
4741
33620
20219
52635
41881
6890
33535
