7104
6252
24183
24359
5507
21576
17449
24894
23981
3063
13468
45523
4483
7127
6240
51978
7938
2027
15746
23992
48762
28928
36878
22019
36404
42834
19290
12045
11086
38507
7748
16205
22906
28711
47893
23804
16609
2999
43300
17165
10777
14392
33415
49725
53085
43641
9425
10760
21249
27133
15552
24883
279
18655
45345
7696
49165
24783
11651
42545
46840
26186
4284
9075
53297
19039
42035
6334
17138
10241
40443
32812
33168
12511
50311
34342
1309
24011
25153
49500
30463
8865
19596
26428
22978
46011
26222
46842
17546
13527
51306
8661
16520
13197
47270
28867
50862
18964
43206
22098
42163
11972
483
3324
21840
44796
52790
41668
8928
50414
31607
3229
49689
40409
49140
20855
12550
37344
5294
16561
8281
7476
29247
9274
38252
19701
11913
32695
45898
6075
42500
29037
46376
17555
1299
11355
47632
30492
15859
19313
16056
46690
34404
37558
31610
31756
39543
27015
17694
17749
19029
6378
17658
43890
52382
47412
35806
32100
32704
19065
5267
32308
21643
9610
8351
46838
48225
42514
29530
48759
41410
13870
50516
21967
45151
15392
34286
6746
19589
9741
27227
32955
32346
12146
19896
30966
11360
11584
8897
51813
44329
18511
31792
24141
27238
41993
45017
6654
21566
9179
43697
43109
35829
16107
37406
48643
26754
43689
47179
40838
41327
35268
19298
17001
8720
36577
20047
32850
4302
27886
37589
23865
41466
14451
1459
34289
47744
19593
17739
23021
53282
18154
32299
4791
26919
27289
19519
13669
36305
4517
13679
28927
31189
53751
52876
50814
35672
49426
51143
50362
9536
3173
14903
39681
13271
52551
48144
35408
52810
4142
15111
29199
31486
30335
7929
33295
21608
34408
15750
19719
3336
16019
29922
32875
52510
10216
48916
4537
38577
38055
28456
15022
31418
49523
29656
30702
46019
42587
18471
13407
34005
16616
36660
40551
23785
10318
21050
6119
22218
48051
11661
21410
1693
11291
53011
25567
38662
17068
35582
39582
10745
3726
9970
11891
13548
19056
9087
42870
22491
4616
1941
7671
48439
42398
22554
3145
6777
1352
51404
7550
10261
11802
8616
35954
15994
21336
47374
39340
12689
37268
38701
42134
18910
44341
42665
35450
31184
39630
35032
27128
1728
11552
34839
10118
41728
4624
34278
49784
33342
27096
33473
40709
31399
15862
6737
2228
46299
21225
45767
52658
52831
26346
12003
52982
28480
40798
50777
43965
53680
15347
34699
28020
13787
45192
17888
23857
19748
18446
18422
49292
41458
49765
40783
48722
27833
42444
3288
47382
49557
27822
1076
639
29039
6715
3085
31410
9393
17809
25827
24636
39620
47604
33177
36661
9660
52448
51078
13470
20022
22093
51673
24846
30618
22248
50225
23287
50012
1610
37481
18937
237
27670
38772
6263
16407
17608
16947
2051
28527
43237
42142
5798
32003
36421
26830
25617
8614
23739
48413
44938
32488
36010
42513
32923
27480
14045
40342
29736
354
6261
3803
50319
48024
40117
47290
36080
14830
22995
11577
20420
30835
231
12104
51367
17227
35704
13022
26767
444
25980
20527
29301
3812
18313
14113
10702
43123
9433
12512
13149
19623
8172
5057
7508
46998
38669
8105
9566
32136
5158
52836
1425
20456
33980
50483
36070
50476
37182
5536
35273
2237
14255
23
20669
8805
39571
39355
43442
38233
18757
21611
3967
42641
27282
3858
23230
42210
40129
32419
45844
36594
16871
39096
26526
41407
47563
21923
17682
29556
27149
29621
53181
321
25508
9618
43978
28877
50167
48183
37497
48836
47502
37049
24190
6747
13474
21216
12863
32590
50205
43048
28699
31929
34106
50577
8978
30263
14188
39864
25075
5113
45742
32411
14542
15084
11505
27214
10557
9200
43358
9334
41882
16340
31170
32190
13141
13136
34799
29321
47262
32830
42938
42955
29208
41324
22057
1704
10740
39983
40047
51789
14194
21331
4554
15743
53128
4155
22398
18039
15509
16612
12463
5836
20642
35844
7318
43153
43179
43823
52229
15812
40648
48176
13226
18165
50784
8085
51651
41799
5480
16663
23396
21073
30435
10465
18938
9577
35064
45120
34662
31444
28254
24251
50709
35430
12890
18381
22913
2171
5869
10502
21185
26246
24517
35347
13317
26151
8816
18420
10385
35
48386
564
28165
12960
19809
3774
15905
32811
5897
31376
21943
886
39726
44746
33254
11585
44314
38623
44726
30808
1697
42683
48296
3337
27735
44464
40711
29531
45934
24380
6682
44368
1012
15689
5065
53157
28317
21521
39328
9205
32389
5912
15776
31768
38510
21838
2164
30116
9796
4007
2543
29151
45493
38323
6475
48963
20985
50254
17207
5319
37331
4069
21974
12497
7676
39713
38644
21491
17142
4097
44795
5619
23748
35132
29063
42764
20019
30621
25918
40893
45947
10674
5440
28118
11357
1342
49942
15569
39697
45312
4851
42650
53060
25585
3326
6899
28739
13588
38465
7601
47934
17075
14758
35402
11476
53462
21291
51966
45846
29688
35241
17890
32338
51462
36935
21783
41100
16448
45843
45002
6392
9259
5070
43318
7488
48196
49008
37306
1650
356
2099
17393
34167
18529
47904
22515
7852
41600
13810
15762
53624
30841
5302
33231
20358
50103
21172
20745
27358
50252
53182
47466
18947
50565
38508
37024
13410
24532
44294
40619
42201
23645
34464
7041
40913
17097
19414
29393
36142
39321
42798
36829
5918
44285
45049
28134
12841
48464
43387
36967
12373
39226
20863
13918
53261
8943
39196
17872
15559
25107
48557
33685
16661
30603
1601
14861
44390
5811
45397
39643
1794
9169
44510
23176
29349
11199
24342
11686
290
44866
7666
40208
1153
43122
46144
43962
4271
8538
19053
45957
4425
10704
5361
50690
2464
5756
10473
50960
32872
22413
11162
51028
40753
4293
16686
29686
8236
48005
7443
25031
29050
17634
20778
13529
17582
20526
32598
39679
12277
26085
12574
18551
51064
1825
21694
7108
6635
8442
48545
33279
10114
14863
14967
16356
14076
36213
33004
38397
7252
36218
7561
35118
44605
39655
12204
1439
18033
7580
14184
40587
21713
6103
23749
8198
34421
35674
18789
16734
52064
44435
5519
14291
36920
41822
15296
11015
34460
45063
35308
36767
13719
41986
3133
28901
15626
11658
27148
52370
24008
17217
20816
43893
35753
42622
16246
23145
11677
21142
3018
32960
4249
22957
39268
43418
29373
10713
376
666
19557
38779
44370
33730
46925
2896
38211
5067
3046
5371
12715
52290
17317
1777
28503
37388
37698
9331
13927
12803
30498
7628
29040
48592
2450
40220
44364
3422
45548
4198
38926
14043
26008
47807
47287
37719
11987
11933
37152
29572
47548
52577
39522
36126
35996
50651
53548
43738
4925
23491
33763
41198
2149
10235
47634
17910
43918
13037
6439
23045
40564
28555
1809
42331
17841
27303
40434
6278
23324
7774
26328
22231
47027
48983
47784
47916
15609
51934
18221
38036
26398
6999
1600
10870
46581
24838
41735
52116
28805
21663
37897
30905
47163
18802
20948
32641
38453
20373
36608
39418
37430
9953
25087
3227
14458
1234
27927
42573
15070
33434
16886
27758
47865
25815
18606
8379
27155
10215
3168
12053
3808
21761
14772
4343
22875
24833
24188
37953
28955
38875
29078
24932
5711
47354
15443
47493
50306
7908
42486
14389
46076
43820
28582
36921
5807
18497
46120
35106
15718
15768
27533
29422
38162
30977
21092
38179
30904
3758
20662
6323
51266
31204
24924
39128
7562
25747
20204
4016
13460
44298
30057
22791
53323
50845
693
39157
14847
51263
18818
20244
46746
51664
36962
17153
11675
17548
15740
18362
53098
21620
38304
38946
52707
22352
13738
484
21889
26474
29697
41290
24563
5181
20550
8743
43705
47825
23232
8888
47468
29896
40496
6632
30011
42234
52175
50009
14190
6310
11689
43374
14200
31848
25886
20020
8610
34973
2121
51940
11968
49973
19954
46554
297
15964
5374
46443
6848
28562
50507
12016
10474
49597
38259
3240
36260
48004
37222
9354
26874
44842
10972
35006
5466
9846
35488
9285
24173
47821
33809
32332
5915
37954
31598
43580
41519
9504
42167
30725
46687
29009
14853
18917
46209
13885
33586
9783
51871
27054
15507
20357
46999
33953
9493
17370
49574
6983
11804
31763
50526
20154
29203
48476
37006
1048
21035
31178
11645
50370
22809
35228
39585
32899
37502
2500
5586
30690
32820
46270
13154
157
51156
16115
44248
22943
52404
2559
44036
51778
21484
36506
46859
35945
7849
17082
32176
16358
8183
5529
16673
33814
9847
24118
8381
470
46232
25652
48477
10317
10942
1947
33582
16359
51642
26172
26587
35104
30980
38262
50143
21329
45486
53191
32618
15857
24376
53203
5332
44240
5928
6150
41874
12618
9413
36769
43894
40524
24527
24312
45569
2958
34437
47488
28427
48224
23414
34769
40817
8146
6299
38739
20765
18293
5685
48690
25727
22834
18130
22294
46729
39536
37994
32971
17080
6656
51252
24056
5465
29968
49441
11488
14768
15425
46430
19724
14894
11226
53186
32540
44112
51202
46471
50708
8486
53231
14914
1369
45633
40479
28570
5283
8334
24776
24108
9510
987
19647
53407
38456
9519
24150
43431
36800
43447
28059
269
38024
12085
24539
18158
7887
10258
6236
39499
16106
16583
46518
34121
6566
21472
8491
6845
43450
21858
13851
18191
28981
8051
30029
45483
52288
47879
51339
17542
32839
10411
36840
18690
4710
22867
13202
6348
13657
7932
381
45932
36493
48486
32576
44984
53514
6672
52744
1437
38027
2273
53021
52177
39533
2189
26459
32777
3605
33078
39026
18409
28131
42891
51733
10103
17464
25110
48547
12634
9055
47084
43990
39502
29354
34067
44693
35895
25188
34764
32202
5
3871
37387
47917
17115
38174
2971
52565
4056
38627
12477
19002
51283
14210
47772
146
39694
11523
40031
30285
33929
13094
2636
50618
2073
50016
45563
11805
11122
17902
1500
39574
42991
16124
32168
28770
34420
1041
9771
16977
51764
27020
17544
62
31784
27336
16558
44940
5359
47826
25693
48131
27278
38173
51251
41918
25089
50067
12959
50581
42537
58
23454
2817
51479
53287
33370
43303
22523
8362
51719
32288
15842
35498
25554
38491
40113
28700
27061
16509
22449
9027
52271
3610
42002
16311
52675
34821
51857
41377
21066
4544
42341
4223
23616
8527
39080
36163
17945
28425
1630
5986
51231
30907
37542
19274
20251
51543
5223
52365
47226
25418
32944
47275
24618
694
51495
31666
49043
3042
48047
25899
47193
49158
30804
45615
20797
42109
6841
34028
53595
9130
17877
7507
13622
53350
2847
10602
5192
26143
28309
11261
18916
47470
43220
6809
12821
52048
7055
6127
26049
29666
44939
41680
50536
53517
46002
12506
8578
2870
51322
3574
18708
13401
43845
1767
41347
30609
45171
25663
52093
32740
38141
16595
46959
12537
39531
51977
21772
5060
6116
51933
5574
1170
34211
37248
51581
49361
52423
34737
45744
42892
5104
18731
2994
6005
45582
43084
28240
15412
5632
31649
21987
12784
27141
11741
45173
38489
16225
53718
37236
33389
39322
51660
23259
22603
35616
49855
47474
26877
45127
38150
22281
27099
20397
31166
9294
14205
877
8539
41441
27297
10462
5229
4621
3949
49126
6245
45229
40384
47932
13552
18003
47235
9804
6184
30756
22551
1269
19860
38912
49521
43158
43263
30403
3349
5681
41753
22620
14296
41315
36863
32739
15879
8785
39188
27354
19584
27760
46625
21477
17319
44043
36607
16582
43259
47581
22380
39633
15561
19972
48061
17182
24090
25407
29824
21063
22173
5598
22546
45810
43822
16807
17185
28656
38433
44536
17012
47332
53077
41344
35993
37180
13331
15571
23321
4356
14026
27073
45300
37928
15591
45239
109
28158
17162
23585
23665
31379
4389
38594
13215
20574
14266
40897
20853
7477
20850
53036
27587
36408
46283
22216
10905
26086
22919
34375
15990
4569
26759
41665
49225
9284
30208
4802
23047
2945
41088
30697
428
12412
52807
27938
19856
38276
46401
7427
43977
23505
2935
1515
32952
41776
24993
17779
20832
4472
9809
32863
18411
16263
52913
21784
9905
226
25308
39370
46783
32992
15598
43759
36982
4325
12234
15605
20091
27924
53545
33011
19544
14703
2639
15021
4367
24679
39314
47614
51212
51018
49562
21957
27718
18318
33325
41200
26922
993
35302
43386
25026
8683
35431
31506
52652
16357
8364
16254
811
18373
40573
34120
31335
51275
32896
28234
52512
40597
7860
1853
2136
6349
34148
50700
6930
29130
9508
33120
22362
